(array([ 0.  ,  0.01,  0.02,  0.03,  0.04,  0.05,  0.06,  0.07,  0.08,
        0.09,  0.1 ,  0.11,  0.12,  0.13,  0.14,  0.15,  0.16,  0.17,
        0.18,  0.19,  0.2 ,  0.21,  0.22,  0.23,  0.24,  0.25,  0.26,
        0.27,  0.28,  0.29,  0.3 ,  0.31,  0.32,  0.33,  0.34,  0.35,
        0.36,  0.37,  0.38,  0.39,  0.4 ,  0.41,  0.42,  0.43,  0.44,
        0.45,  0.46,  0.47,  0.48,  0.49,  0.5 ,  0.51,  0.52,  0.53,
        0.54,  0.55,  0.56,  0.57,  0.58,  0.59,  0.6 ,  0.61,  0.62,
        0.63,  0.64,  0.65,  0.66,  0.67,  0.68,  0.69,  0.7 ,  0.71,
        0.72,  0.73,  0.74,  0.75,  0.76,  0.77,  0.78,  0.79,  0.8 ,
        0.81,  0.82,  0.83,  0.84,  0.85,  0.86,  0.87,  0.88,  0.89,
        0.9 ,  0.91,  0.92,  0.93,  0.94,  0.95,  0.96,  0.97,  0.98,
        0.99,  1.  ,  1.01,  1.02,  1.03,  1.04,  1.05,  1.06,  1.07,
        1.08,  1.09,  1.1 ,  1.11,  1.12,  1.13,  1.14,  1.15,  1.16,
        1.17,  1.18,  1.19,  1.2 ,  1.21,  1.22,  1.23,  1.24,  1.25,
        1.26,  1.27,  1.28,  1.29,  1.3 ,  1.31,  1.32,  1.33,  1.34,
        1.35,  1.36,  1.37,  1.38,  1.39,  1.4 ,  1.41,  1.42,  1.43,
        1.44,  1.45,  1.46,  1.47,  1.48,  1.49,  1.5 ,  1.51,  1.52,
        1.53,  1.54,  1.55,  1.56,  1.57,  1.58,  1.59,  1.6 ,  1.61,
        1.62,  1.63,  1.64,  1.65,  1.66,  1.67,  1.68,  1.69,  1.7 ,
        1.71,  1.72,  1.73,  1.74,  1.75,  1.76,  1.77,  1.78,  1.79,
        1.8 ,  1.81,  1.82,  1.83,  1.84,  1.85,  1.86,  1.87,  1.88,
        1.89,  1.9 ,  1.91,  1.92,  1.93,  1.94,  1.95,  1.96,  1.97,
        1.98,  1.99,  2.  ,  2.01,  2.02,  2.03,  2.04,  2.05,  2.06,
        2.07,  2.08,  2.09,  2.1 ,  2.11,  2.12,  2.13,  2.14,  2.15,
        2.16,  2.17,  2.18,  2.19,  2.2 ,  2.21,  2.22,  2.23,  2.24,
        2.25,  2.26,  2.27,  2.28,  2.29,  2.3 ,  2.31,  2.32,  2.33,
        2.34,  2.35,  2.36,  2.37,  2.38,  2.39,  2.4 ,  2.41,  2.42,
        2.43,  2.44,  2.45,  2.46,  2.47,  2.48,  2.49,  2.5 ,  2.51,
        2.52,  2.53,  2.54,  2.55,  2.56,  2.57,  2.58,  2.59,  2.6 ,
        2.61,  2.62,  2.63,  2.64,  2.65,  2.66,  2.67,  2.68,  2.69,
        2.7 ,  2.71,  2.72,  2.73,  2.74,  2.75,  2.76,  2.77,  2.78,
        2.79,  2.8 ,  2.81,  2.82,  2.83,  2.84,  2.85,  2.86,  2.87,
        2.88,  2.89,  2.9 ,  2.91,  2.92,  2.93,  2.94,  2.95,  2.96,
        2.97,  2.98,  2.99,  3.  ,  3.01,  3.02,  3.03,  3.04,  3.05,
        3.06,  3.07,  3.08,  3.09,  3.1 ,  3.11,  3.12,  3.13,  3.14,
        3.15,  3.16,  3.17,  3.18,  3.19,  3.2 ,  3.21,  3.22,  3.23,
        3.24,  3.25,  3.26,  3.27,  3.28,  3.29,  3.3 ,  3.31,  3.32,
        3.33,  3.34,  3.35,  3.36,  3.37,  3.38,  3.39,  3.4 ,  3.41,
        3.42,  3.43,  3.44,  3.45,  3.46,  3.47,  3.48,  3.49,  3.5 ,
        3.51,  3.52,  3.53,  3.54,  3.55,  3.56,  3.57,  3.58,  3.59,
        3.6 ,  3.61,  3.62,  3.63,  3.64,  3.65,  3.66,  3.67,  3.68,
        3.69,  3.7 ,  3.71,  3.72,  3.73,  3.74,  3.75,  3.76,  3.77,
        3.78,  3.79,  3.8 ,  3.81,  3.82,  3.83,  3.84,  3.85,  3.86,
        3.87,  3.88,  3.89,  3.9 ,  3.91,  3.92,  3.93,  3.94,  3.95,
        3.96,  3.97,  3.98,  3.99,  4.  ,  4.01,  4.02,  4.03,  4.04,
        4.05,  4.06,  4.07,  4.08,  4.09,  4.1 ,  4.11,  4.12,  4.13,
        4.14,  4.15,  4.16,  4.17,  4.18,  4.19,  4.2 ,  4.21,  4.22,
        4.23,  4.24,  4.25,  4.26,  4.27,  4.28,  4.29,  4.3 ,  4.31,
        4.32,  4.33,  4.34,  4.35,  4.36,  4.37,  4.38,  4.39,  4.4 ,
        4.41,  4.42,  4.43,  4.44,  4.45,  4.46,  4.47,  4.48,  4.49,
        4.5 ,  4.51,  4.52,  4.53,  4.54,  4.55,  4.56,  4.57,  4.58,
        4.59,  4.6 ,  4.61,  4.62,  4.63,  4.64,  4.65,  4.66,  4.67,
        4.68,  4.69,  4.7 ,  4.71,  4.72,  4.73,  4.74,  4.75,  4.76,
        4.77,  4.78,  4.79,  4.8 ,  4.81,  4.82,  4.83,  4.84,  4.85,
        4.86,  4.87,  4.88,  4.89,  4.9 ,  4.91,  4.92,  4.93,  4.94,
        4.95,  4.96,  4.97,  4.98,  4.99,  5.  ,  5.01,  5.02,  5.03,
        5.04,  5.05,  5.06,  5.07,  5.08,  5.09,  5.1 ,  5.11,  5.12,
        5.13,  5.14,  5.15,  5.16,  5.17,  5.18,  5.19,  5.2 ,  5.21,
        5.22,  5.23,  5.24,  5.25,  5.26,  5.27,  5.28,  5.29,  5.3 ,
        5.31,  5.32,  5.33,  5.34,  5.35,  5.36,  5.37,  5.38,  5.39,
        5.4 ,  5.41,  5.42,  5.43,  5.44,  5.45,  5.46,  5.47,  5.48,
        5.49,  5.5 ,  5.51,  5.52,  5.53,  5.54,  5.55,  5.56,  5.57,
        5.58,  5.59,  5.6 ,  5.61,  5.62,  5.63,  5.64,  5.65,  5.66,
        5.67,  5.68,  5.69,  5.7 ,  5.71,  5.72,  5.73,  5.74,  5.75,
        5.76,  5.77,  5.78,  5.79,  5.8 ,  5.81,  5.82,  5.83,  5.84,
        5.85,  5.86,  5.87,  5.88,  5.89,  5.9 ,  5.91,  5.92,  5.93,
        5.94,  5.95,  5.96,  5.97,  5.98,  5.99,  6.  ,  6.01,  6.02,
        6.03,  6.04,  6.05,  6.06,  6.07,  6.08,  6.09,  6.1 ,  6.11,
        6.12,  6.13,  6.14,  6.15,  6.16,  6.17,  6.18,  6.19,  6.2 ,
        6.21,  6.22,  6.23,  6.24,  6.25,  6.26,  6.27,  6.28,  6.29,
        6.3 ,  6.31,  6.32,  6.33,  6.34,  6.35,  6.36,  6.37,  6.38,
        6.39,  6.4 ,  6.41,  6.42,  6.43,  6.44,  6.45,  6.46,  6.47,
        6.48,  6.49,  6.5 ,  6.51,  6.52,  6.53,  6.54,  6.55,  6.56,
        6.57,  6.58,  6.59,  6.6 ,  6.61,  6.62,  6.63,  6.64,  6.65,
        6.66,  6.67,  6.68,  6.69,  6.7 ,  6.71,  6.72,  6.73,  6.74,
        6.75,  6.76,  6.77,  6.78,  6.79,  6.8 ,  6.81,  6.82,  6.83,
        6.84,  6.85,  6.86,  6.87,  6.88,  6.89,  6.9 ,  6.91,  6.92,
        6.93,  6.94,  6.95,  6.96,  6.97,  6.98,  6.99,  7.  ,  7.01,
        7.02,  7.03,  7.04,  7.05,  7.06,  7.07,  7.08,  7.09,  7.1 ,
        7.11,  7.12,  7.13,  7.14,  7.15,  7.16,  7.17,  7.18,  7.19,
        7.2 ,  7.21,  7.22,  7.23,  7.24,  7.25,  7.26,  7.27,  7.28,
        7.29,  7.3 ,  7.31,  7.32,  7.33,  7.34,  7.35,  7.36,  7.37,
        7.38,  7.39,  7.4 ,  7.41,  7.42,  7.43,  7.44,  7.45,  7.46,
        7.47,  7.48,  7.49,  7.5 ,  7.51,  7.52,  7.53,  7.54,  7.55,
        7.56,  7.57,  7.58,  7.59,  7.6 ,  7.61,  7.62,  7.63,  7.64,
        7.65,  7.66,  7.67,  7.68,  7.69,  7.7 ,  7.71,  7.72,  7.73,
        7.74,  7.75,  7.76,  7.77,  7.78,  7.79,  7.8 ,  7.81,  7.82,
        7.83,  7.84,  7.85,  7.86,  7.87,  7.88,  7.89,  7.9 ,  7.91,
        7.92,  7.93,  7.94,  7.95,  7.96,  7.97,  7.98,  7.99,  8.  ,
        8.01,  8.02,  8.03,  8.04,  8.05,  8.06,  8.07,  8.08,  8.09,
        8.1 ,  8.11,  8.12,  8.13,  8.14,  8.15,  8.16,  8.17,  8.18,
        8.19,  8.2 ,  8.21,  8.22,  8.23,  8.24,  8.25,  8.26,  8.27,
        8.28,  8.29,  8.3 ,  8.31,  8.32,  8.33,  8.34,  8.35,  8.36,
        8.37,  8.38,  8.39,  8.4 ,  8.41,  8.42,  8.43,  8.44,  8.45,
        8.46,  8.47,  8.48,  8.49,  8.5 ,  8.51,  8.52,  8.53,  8.54,
        8.55,  8.56,  8.57,  8.58,  8.59,  8.6 ,  8.61,  8.62,  8.63,
        8.64,  8.65,  8.66,  8.67,  8.68,  8.69,  8.7 ,  8.71,  8.72,
        8.73,  8.74,  8.75,  8.76,  8.77,  8.78,  8.79,  8.8 ,  8.81,
        8.82,  8.83,  8.84,  8.85,  8.86,  8.87,  8.88,  8.89,  8.9 ,
        8.91,  8.92,  8.93,  8.94,  8.95,  8.96,  8.97,  8.98,  8.99,
        9.  ,  9.01,  9.02,  9.03,  9.04,  9.05,  9.06,  9.07,  9.08,
        9.09,  9.1 ,  9.11,  9.12,  9.13,  9.14,  9.15,  9.16,  9.17,
        9.18,  9.19,  9.2 ,  9.21,  9.22,  9.23,  9.24,  9.25,  9.26,
        9.27,  9.28,  9.29,  9.3 ,  9.31,  9.32,  9.33,  9.34,  9.35,
        9.36,  9.37,  9.38,  9.39,  9.4 ,  9.41,  9.42,  9.43,  9.44,
        9.45,  9.46,  9.47,  9.48,  9.49,  9.5 ,  9.51,  9.52,  9.53,
        9.54,  9.55,  9.56,  9.57,  9.58,  9.59,  9.6 ,  9.61,  9.62,
        9.63,  9.64,  9.65,  9.66,  9.67,  9.68,  9.69,  9.7 ,  9.71,
        9.72,  9.73,  9.74,  9.75,  9.76,  9.77,  9.78,  9.79,  9.8 ,
        9.81,  9.82,  9.83,  9.84,  9.85,  9.86,  9.87,  9.88,  9.89,
        9.9 ,  9.91,  9.92,  9.93,  9.94,  9.95,  9.96,  9.97,  9.98,  9.99]), [178.0, 177.99956953242997, 177.9982779274126, 177.99612457888119, 177.99310847960641, 177.98922822553629, 177.98448202190633, 177.97886769115354, 177.97238268267816, 177.96502408450533, 177.95678863690804, 177.94767274806151, 177.9376725118066, 177.92678372760798, 177.91500192279878, 177.90232237721008, 177.88874015028816, 177.8742501108066, 177.85884696928261, 177.84252531320831, 177.82527964520676, 177.80710442422017, 177.78799410983271, 177.76794320982296, 177.74694633103098, 177.7249982336117, 177.70209388872971, 177.67822853973007, 177.65339776679573, 177.62759755507295, 177.60082436621363, 177.57307521324509, 177.54434773863522, 177.51464029537308, 177.4839520308324, 177.45228297312769, 177.41963411961063, 177.38600752708791, 177.35140640327168, 177.31583519890083, 177.27929969989637, 177.24180711883901, 177.20336618498123, 177.16398723193436, 177.12368228210178, 177.08246512686733, 177.04035140149364, 176.9973586536413, 176.95350640438974, 176.90881620062495, 176.86331165766197, 176.81701849099267, 176.7699645360932, 176.72217975529293, 176.67369623079867, 176.62454814308396, 176.57477173399431, 176.52440525408397, 176.47348889388545, 176.42206469901882, 176.37017646926887, 176.31786964199094, 176.26519116044557, 176.21218932790316, 176.15891364859593, 176.10541465682013, 176.05174373570094, 175.99795292731898, 175.94409473605671, 175.89022192714958, 175.83638732251745, 175.78264359600388, 175.72904307016151, 175.67563751669309, 175.62247796258765, 175.56961450388442, 175.51709612885546, 175.46497055222574, 175.41328406185167, 175.36208137906246, 175.31140553363653, 175.26129775414711, 175.21179737416963, 175.16294175460661, 175.11476622215761, 175.06730402374754, 175.02058629652859, 174.97464205289535, 174.92949817979792, 174.88517945150778, 174.84170855488631, 174.79910612612449, 174.75739079786598, 174.71657925559134, 174.67668630212759, 174.63772492915356, 174.59970639459317, 174.56264030482598, 174.52653470069259, 174.49139614633106, 174.45722981994538, 174.42403960567876, 174.39182818583723, 174.36059713278553, 174.330346999912, 174.30107741113366, 174.27278714848447, 174.24547423739773, 174.21913602935905, 174.19376928166551, 174.16937023408292, 174.14593468224305, 174.12345804766844, 174.10193544435322, 174.08136174186359, 174.06173162495332, 174.04303964971581, 174.02528029631711, 174.00844801837289, 173.99253728904711, 173.97754264396252, 173.96345872102165, 173.95028029724295, 173.93800232272116, 173.92661995182215, 173.91612857172262, 173.90652382840321, 173.89780165020028, 173.88995826901765, 173.88299023929335, 173.87689445481098, 173.87166816343762, 173.86730897986266, 173.86381489640371, 173.86118429193715, 173.85941593900165, 173.85850900911407, 173.85846307632715, 173.85927811904932, 173.86095452013677, 173.86349306525835, 173.86689493952403, 173.87116172235798, 173.87629538058738, 173.88229825970907, 173.88917307328632, 173.89692289041915, 173.90555112122328, 173.91506150024381, 173.92545806772242, 173.9367451486298, 173.94892732936825, 173.962009432044, 173.97599648620442, 173.99089369793171, 174.00670641618291, 174.02344009626583, 174.04110026034169, 174.05969245484914, 174.07922220475018, 174.09969496450702, 174.12111606571045, 174.14349066129503, 174.16682366629473, 174.19111969511448, 174.21638299531969, 174.24261737797616, 174.269826144608, 174.29801201088173, 174.32717702716894, 174.3573224961907, 174.38844888800125, 174.4205557526285, 174.45364163075297, 174.48770396287466, 174.5227389974892, 174.55874169886803, 174.59570565511336, 174.63362298723342, 174.67248426005838, 174.71227839588795, 174.75299259182819, 174.79461224183387, 174.83712086452263, 174.88050003786526, 174.92472934188035, 174.96978631046912, 175.01564639351497, 175.06228293034079, 175.10966713556184, 175.15776809829489, 175.20655279558099, 175.2559861207516, 175.30603092731715, 175.35664808878155, 175.40779657459194, 175.45943354221961, 175.51151444514107, 175.56399315625237, 175.6168221060083, 175.66995243433934, 175.7233341551663, 175.77691633211373, 175.83064726382358, 175.88447467709489, 175.93834592593083, 175.99220819446273, 176.04600870164771, 176.09969490560221, 176.15321470544129, 176.20651663854045, 176.25955007122366, 176.31226538100424, 176.36461412866123, 176.41654921861786, 176.46802504629582, 176.5189976313433, 176.5694247358702, 176.61926596706459, 176.66848286380423, 176.71703896711077, 176.76489987451677, 176.81203327862301, 176.85840899031183, 176.90399894724928, 176.94877720845201, 176.99271993581439, 177.03580536358498, 177.07801375685222, 177.11932736014484, 177.15973033727821, 177.19920870358135, 177.23775025162686, 177.27534447155628, 177.31198246705156, 177.34765686794984, 177.38236174043706, 177.41609249568819, 177.44884579774873, 177.48061947137819, 177.5114124104999, 177.54122448782718, 177.5700564661621, 177.59790991179295, 177.62478711034996, 177.65069098541568, 177.67562502012859, 177.69959318196524, 177.72259985083798, 177.7446497506017, 177.76574788402507, 177.78589947124769, 177.8051098917156, 177.82338462956301, 177.84072922238701, 177.85714921334531, 177.87265010649315, 177.8872373252654, 177.90091617400202, 177.91369180240991, 177.92556917285148, 177.93655303034919, 177.94664787519667, 177.9558579380687, 177.96418715752679, 177.97163915982171, 177.97821724089985, 177.98392435052787, 177.98876307845626, 177.99273564255157, 177.99584387883462, 177.99808923337156, 177.9994727559729, 177.99999509566615, 177.99965649791619, 177.99845680357782, 177.99639544957463, 177.993471471308, 177.9896835068096, 177.9850298026613, 177.97950822171487, 177.97311625265405, 177.96585102145079, 177.9577093047757, 177.94868754543216, 177.93878186989068, 177.92798810800855, 177.91630181502606, 177.90371829593656, 177.89023263233329, 177.87583971183935, 177.86053426023025, 177.84431087635951, 177.82716406999748, 177.80908830269092, 177.79007803174673, 177.77012775743549, 177.74923207350116, 177.72738572105018, 177.70458364587702, 177.68082105926314, 177.65609350226254, 177.63039691345918, 177.60372770014808, 177.57608281285567, 177.54745982307156, 177.51785700401754, 177.48727341422688, 177.45570898365017, 177.42316460194206, 177.38964220851747, 177.35514488389595, 177.31967694178036, 177.28324402124142, 177.24585317830355, 177.20751297615328, 177.16823357311739, 177.12802680748953, 177.0869062782206, 177.04488742043264, 177.00198757467186, 176.95822604878336, 176.91362417127434, 176.868205335032, 176.82199503028355, 176.77502086572662, 176.72731257682395, 176.67890202034468, 176.62982315434905, 176.58011200295067, 176.52980660535351, 176.47894694884414, 176.42757488562327, 176.37573403358073, 176.32346966134901, 176.27082855821038, 176.21785888967258, 176.16461003976613, 176.11113244134231, 176.05747739586329, 176.00369688436439, 175.94984337143126, 175.89596960416509, 175.84212840820342, 175.78837248292055, 175.73475419794661, 175.68132539311969, 175.62813718391999, 175.57523977433181, 175.52268227894061, 175.47051255590401, 175.41877705223962, 175.36752066265782, 175.3167866029375, 175.26661629860385, 175.21704928942691, 175.16812315002139, 175.11987342659921, 175.07233358970981, 175.02553500260416, 174.97950690467943, 174.93427640930463, 174.88986851519462, 174.84630613039241, 174.80361010783591, 174.76179929142614, 174.72089057147718, 174.68089894841285, 174.64183760357884, 174.60371797605958, 174.56654984442437, 174.53034141237487, 174.49509939732343, 174.46082912099627, 174.42753460122597, 174.39521864417145, 174.3638829362788, 174.33352813537212, 174.30415396033735, 174.27575927893466, 174.24834219334363, 174.22190012311029, 174.19642988522594, 174.17192777112376, 174.14838962043007, 174.12581089135307, 174.10418672763348, 174.08351202201706, 174.0637814762415, 174.04498965755621, 174.02713105181755, 174.01020011322029, 173.99419131074214, 173.97909917138983, 173.96491832034485, 173.95164351811292, 173.93926969478605, 173.92779198152718, 173.91720573938792, 173.9075065855684, 173.8986904172246, 173.89075343292515, 173.88369215185327, 173.87750343084406, 173.87218447934001, 173.86773287233976, 173.86414656140749, 173.86142388380102, 173.85956356976834, 173.85856474805252, 173.85842694963605, 173.85915010974537, 173.86073456812707, 173.86318106759742, 173.8664907508568, 173.87066515555128, 173.87570620755358, 173.88161621242611, 173.88839784501994, 173.89605413715356, 173.9045884633077, 173.91400452426316, 173.92430632860109, 173.9354981719784, 173.94758461408355, 173.96057045317323, 173.97446069808512, 173.98926053761886, 174.00497530717533, 174.02161045254329, 174.03917149072439, 174.05766396769067, 174.07709341297405, 174.09746529099601, 174.11878494905665, 174.14105756191668, 174.1642880729238, 174.18848113165637, 174.2136410280836, 174.23977162327088, 174.26687627669432, 174.29495777026759, 174.32401822922904, 174.35405904008613, 174.38508076586905, 174.4170830590042, 174.45006457218227, 174.48402286766287, 174.51895432552936, 174.55485405148067, 174.5917157848227, 174.62953180739692, 174.6682928542586, 174.70798802698846, 174.74860471058824, 174.79012849497099, 174.83254310210725, 174.87583031992818, 174.9199699441119, 174.96493972888896, 175.01071534799399, 175.05727036686019, 175.10457622710229, 175.15260224425765, 175.20131561965502, 175.25068146715577, 175.30066285536353, 175.35122086572582, 175.4023146667584, 175.4539016044117, 175.5059373083734, 175.55837581386541, 175.61116969825284, 175.66427023154293, 175.71762753961846, 175.77119077882909, 175.8249083203622, 175.87872794263677, 175.93259702981516, 175.98646277441267, 176.04027238190756, 176.09397327521549, 176.14751329689534, 176.20084090699646, 176.25390537453993, 176.30665696074564, 176.3590470922698, 176.4110285228987, 176.46255548234925, 176.51358381104987, 176.56407108000974, 176.61397669512434, 176.66326198550613, 176.71189027566325, 176.75982694157355, 176.80703945090966, 176.85349738786232, 176.89917246317762, 176.94403851017012, 176.98807146759557, 177.03124935036399, 177.07355220914584, 177.11496207997385, 177.15546292496907, 177.1950405653273, 177.23368260768942, 177.27137836499259, 177.30811877285774, 177.34389630251684, 177.37870487122234, 177.41253975101375, 177.4453974766447, 177.47727575339817, 177.50817336544341, 177.53809008531141, 177.56702658499381, 177.59498434909816, 177.62196559042602, 177.64797316827719, 177.67301050972407, 177.69708153404738, 177.72019058047488, 177.74234233932111, 177.76354178658733, 177.78379412204654, 177.80310471080909, 177.82147902833879, 177.83892260886867, 177.85544099714787, 177.87103970343725, 177.8857241616607, 177.89949969061075, 177.91237145810237, 177.9243444479651, 177.9354234297632, 177.94561293113367, 177.95491721263454, 177.96334024499984, 177.97088568870132, 177.97755687572405, 177.98335679346883, 177.98828807070174, 177.99235296547943, 177.99555335498664, 177.99789072723181, 177.99936617455504, 177.99998038891289, 177.9997336589131, 177.99862586858285, 177.99665649786337, 177.99382462483376, 177.9901289296767, 177.98556770040815, 177.9801388404033, 177.9738398777597, 177.96666797654865, 177.95861995001397, 177.94969227578659, 177.93988111319103, 177.92918232272757, 177.91759148782089, 177.90510393893214, 177.89171478013643, 177.87741891827201, 177.8622110947702, 177.84608592027664, 177.82903791217402, 177.81106153511442, 177.79215124466486, 177.77230153416301, 177.75150698487028, 177.72976231949735, 177.70706245916094, 177.68340258381085, 177.65877819614394, 177.63318518899248, 177.60661991614344, 177.5790792665077, 177.55056074151668, 177.52106253557702, 177.49058361936252, 177.45912382566581, 177.42668393747061, 177.39326577784098, 177.35887230115327, 177.32350768512504, 177.28717742302055, 177.24988841533641, 177.21164906019624, 177.17246934160949, 177.13236091468039, 177.09133718678822, 177.04941339370467, 177.00660666956762, 176.96293610959714, 176.91842282442107, 176.87308998487575, 176.82696285616586, 176.78006882030647, 176.73243738583287, 176.68410018384998, 176.63509094960457, 176.58544548889898, 176.53520162882467, 176.48439915247573, 176.43307971750403, 176.38128675859554, 176.32906537417838, 176.27646219791148, 176.22352525574357, 176.17030380957004, 176.11684818874406, 176.06320961091089, 176.00943999382687, 175.95559175999003, 175.90171763604275, 175.84787044900636, 175.79410292146702, 175.74046746785245, 175.68701599391869, 175.63379970150444, 175.58086890051149, 175.52827282993525, 175.47605948960282, 175.42427548408421, 175.37296588002809, 175.32217407794525, 175.27194169922461, 175.22230848892613, 175.17331223465618, 175.12498870160059, 175.07737158357301, 175.0304924697347, 174.98438082646086, 174.93906399366912, 174.89456719479114, 174.85091355945693, 174.80812415787634, 174.76621804583951, 174.72521231921979, 174.6851221768446, 174.64596099060168, 174.60774038166716, 174.57047030177569, 174.53415911849896, 174.49881370355567, 174.46443952323963, 174.43104073012316, 174.39862025526531, 174.36717990023098, 174.33672042830125, 174.30724165433094, 174.2787425327806, 174.25122124352055, 174.22467527506899, 174.19910150498814, 174.17449627721831, 174.15085547618176, 174.12817459753458, 174.10644881548669, 174.08567304664643, 174.06584201037882, 174.04695028569375, 174.02899236470401, 174.01196270271225, 173.99585576500226, 173.98066607042176, 173.96638823185413, 173.95301699368244, 173.9405472663544, 173.92897415815807, 173.91829300431903, 173.90849939352788, 173.89958919200458, 173.89155856520119, 173.88440399724013, 173.87812230817832, 173.87271066918115, 173.86816661568193, 173.86448805859541, 173.86167329364403, 173.85972100884777, 173.85863029021874, 173.85840062569213, 173.8590319073156, 173.86052443170976, 173.86287889880214, 173.86609640882747, 173.8701784575774, 173.87512692987309, 173.88094409122434, 173.88763257762983, 173.89519538346383, 173.90363584738597, 173.91295763620224, 173.92316472659752, 173.9342613846527, 173.94625214305267, 173.95914177588605, 173.97293527093231, 173.98763779932895, 174.00325468250841, 174.01979135629446, 174.03725333204841, 174.05564615475868, 174.07497535797296, 174.09524641547983, 174.11646468965776, 174.13863537642322, 174.16176344672755, 174.18585358457275, 174.21091012154264, 174.23693696787441, 174.26393754013077, 174.29191468557141, 174.32087060336667, 174.35080676284494, 174.3817238190197, 174.41362152570031, 174.44649864655415, 174.4803528645549, 174.51518069032275, 174.55097736993545, 174.58773679286443, 174.62545140076611, 174.66411209793245, 174.7037081642774, 174.74422717180298, 174.78565490554942, 174.82797529008599, 174.87117032263967, 174.9152200139863, 174.96010233823958, 175.00579319266708, 175.05226636863409, 175.09949353472766, 175.14744423303952, 175.19608588948944, 175.24538383894824, 175.29530136577353, 175.34579976020095, 175.39683839084341, 175.44837479334078, 175.50036477497886, 175.5527625348613, 175.60552079897772, 175.65859096927173, 175.71192328557717, 175.76546699906945, 175.81917055567359, 175.87298178769061, 175.92684811175079, 175.98071673108515, 176.03453484002338, 176.08824982858471, 176.14180948502658, 176.19516219425446, 176.24825713007471, 176.30104443938808, 176.35347541657069, 176.40550266646756, 176.45708025462676, 176.50816384362304, 176.55871081455331, 176.60868037302694, 176.65803363921347, 176.70673372174642, 176.75474577550705, 176.80203704352257, 176.84857688340639, 176.89433677893899, 176.9392903375375, 176.98341327448532, 177.02668338489349, 177.06908050444025, 177.11058645998688, 177.15118501119667, 177.1908617842933, 177.22960419908424, 177.26740139034982, 177.30424412465814, 177.34012471361555, 177.37503692450179, 177.40897588917235, 177.441938012039, 177.47392087786466, 177.50492316003348, 177.53494452988187, 177.56398556760206, 177.59204767515953, 177.61913299159704, 177.64524431103516, 177.67038500361988, 177.69455893961339, 177.71777041677484, 177.74002409113382, 177.76132491121925, 177.78167805577237, 177.80108887494183, 177.81956283493378, 177.83710546606784, 177.85372231417227, 177.86941889523715, 177.88420065323368, 177.89807292099889, 177.91104088408002, 177.92310954742911, 177.93428370483721, 177.9445679109983, 177.95396645609478, 177.9624833428004, 177.97012226560039, 177.97688659233523, 177.98277934787981, 177.98780319987827, 177.99196044646158, 177.99525300588374, 177.99768240802149, 177.99924978769079, 177.99995587974334, 177.99980101591564, 177.99878512341272, 177.99690772521859, 177.99416794213519, 177.99056449656121, 177.98609571803232, 177.98075955055353, 177.97455356176414, 177.96747495398489, 177.95952057720586, 177.95068694408252, 177.94097024701497, 177.93036637739391, 177.91887094710279, 177.90647931237305, 177.89318660009337, 177.87898773667942, 177.86387747961237, 177.84785045175707, 177.83090117857, 177.81302412830539, 177.7942137553238, 177.77446454660091, 177.75377107152511, 177.73212803505984, 177.70953033433207, 177.68597311868791, 177.66145185323441, 177.63596238585876, 177.60950101768461, 177.58206457688888, 177.55365049576127, 177.52425689084217, 177.493882645924, 177.46252749764477, 177.43019212334161, 177.39687823076733, 177.36258864920379, 177.32732742143421, 177.29109989596148, 177.25391281878484, 177.2157744239712, 177.17669452218439, 177.13668458626498, 177.09575783288889, 177.05392929927575, 177.01121591387087, 176.96763655988954, 176.92321213059199, 176.87796557515426, 176.83192193401564, 176.78510836262069, 176.7375541425337, 176.68929067898679, 176.64035148403201, 176.59077214460035, 176.54059027492815, 176.48984545299021, 176.43857914077935, 176.38683458848774, 176.33465672287562, 176.28209202035055, 176.22918836552122, 176.17599489622853, 176.12256183628622, 176.06894031737849, 176.01518219175657, 175.96133983754493, 175.9074659586052, 175.85361338100844, 175.79983484823094, 175.74618281721291, 175.69270925740321, 175.63946545485624, 175.58650182335174, 175.53386772437742, 175.48161129765109, 175.42977930366933, 175.37841697955801, 175.32756790927229, 175.2772739089572, 175.22757492803831, 175.17850896637341, 175.13011200756463, 175.08241796831075, 175.0354586634769, 174.98926378637455, 174.94386090358378, 174.89927546351163, 174.855530817767, 174.81264825434451, 174.77064704154449, 174.72954448151592, 174.6893559722885, 174.65009507716042, 174.61177360032534, 174.57440166765468, 174.53798781159611, 174.50253905920459, 174.46806102238608, 174.43455798950271, 174.40203301756173, 174.37048802428546, 174.33992387943536, 174.31034049483748, 174.28173691262981, 174.25411139132123, 174.22746148931759, 174.2017841456325, 174.17707575755708, 174.15333225511509, 174.13054917217698, 174.10872171414877, 174.08784482218846, 174.06791323393608, 174.04892154077061, 174.03086424163146, 174.01373579346188, 173.99753065834787, 173.98224334743892, 173.96786846174675, 173.95440072992528, 173.94183504313972, 173.93016648713453, 173.91939037161117, 173.90950225702483, 173.90049797890646, 173.89237366981294, 173.88512577900244, 173.87875108992654, 173.87324673562335, 173.86861021208867, 173.86483938969403, 173.86193252271181, 173.859888256999, 173.85870563588153, 173.85838410427232, 173.85892351104565, 173.8603241096819, 173.86258655718581, 173.86571191127248, 173.86970162580502, 173.87455754445821, 173.88028189257321, 173.88687726715861, 173.89434662498417, 173.90269326870484, 173.91192083094404, 173.92203325625729, 173.93303478089013, 173.94492991023711, 173.95772339390339, 173.97142019826509, 173.98602547642119, 174.00154453542709, 174.01798280069929, 174.03534577748161, 174.05363900926582, 174.07286803306536, 174.09303833144784, 174.1141552812432, 174.13622409885755, 174.15924978214002, 174.18323704877076, 174.20819027116315, 174.23411340790238, 174.26100993177641, 174.28888275449353, 174.31773414822473, 174.34756566415706, 174.37837804829738, 174.41017115482458, 174.44294385735094, 174.47669395851972, 174.51141809843728, 174.54711166251082, 174.58376868933763, 174.62138177936819, 174.65994200513902, 174.6994388239448], [0.0, -0.086096886902770856, -0.17223422141359168, -0.25845227843972568, -0.34479098650831125, -0.43128975213244652, -0.5179872812579831, -0.60492139684067503, -0.69212885162381588, -0.77964513521333023, -0.86750427458136492, -0.95573862717166047, -1.0443786658315859, -1.1334527548580002, -1.2229869165185012, -1.3130045874977869, -1.4035263648224656, -1.494569740938605, -1.5861488277564399, -1.6782740696380205, -1.7709519454879998, -1.8641846603172547, -1.9579698268852421, -2.0523001382915576, -2.1471630326812772, -2.2425403515531626, -2.3384079935149908, -2.4347355657156853, -2.5314860355983728, -2.6286153860596593, -2.7260722775648576, -2.8237977212518044, -2.9217247675508577, -3.0197782153475896, -3.1178743472076245, -3.2159206966581011, -3.3138158539633955, -3.4114493172280853, -3.5087013959897728, -3.6054431747086864, -3.7015365436989529, -3.7968343050560471, -3.8911803609938853, -3.9844099916913107, -4.0763502292407514, -4.1668203335732299, -4.2556323752889718, -4.3425919291416024, -4.4274988805024691, -4.5101483454735147, -4.5903317034344848, -4.6678377387246366, -4.7424538859025995, -4.8139675706430021, -4.8821676358680133, -4.9468458402387121, -5.0077984137164435, -5.0648276526256728, -5.1177435345890938, -5.166365331945264, -5.2105232008787947, -5.250059722566327, -5.284831372231114, -5.3147098921535081, -5.3395835454351284, -5.3593582286715193, -5.3739584236401905, -5.3833279706233945, -5.3874306490006418, -5.3862505541864909, -5.37979226375798, -5.3680807896023843, -5.3511613169991934, -5.3290987356054025, -5.3019769712168481, -5.2698981308134796, -5.2329814766580993, -5.1913622480175174, -5.1451903513429755, -5.0946289414358725, -5.039852917211066, -4.9810473561516604, -4.9184059114464738, -4.8521291951533332, -4.7824231695935531, -4.709497567623357, -4.6335643605232715, -4.5548362900782138, -4.4735254790716565, -4.3898421319670948, -4.3039933350741757, -4.2161819630628976, -4.1266056963557025, -4.0354561517424834, -3.9429181265652566, -3.8491689550347989, -3.7543779736881793, -3.6587060916819896, -3.5623054605412356, -3.4653192371415606, -3.3678814330804601, -3.2701168431749168, -3.1721410455889583, -3.0740604660236253, -2.9759724984715579, -2.8779656752265304, -2.7801198791232142, -2.6825065913437545, -2.5851891685465431, -2.4882231435318278, -2.3916565441434106, -2.295530225602668, -2.1998782119693789, -2.1047280429143287, -2.0101011224639853, -1.9160130668321262, -1.8224740488828597, -1.7294891371711945, -1.6370586278793127, -1.5451783683081921, -1.4538400708950847, -1.3630316170081287, -1.2727373500211154, -1.1829383573954906, -1.093612741694743, -1.0047358806302071, -0.91628067638895816, -0.82821779462578271, -0.74051589361420134, -0.65314184414799437, -0.56606094086651226, -0.47923710574581979, -0.39263308455508111, -0.30621063712485413, -0.21993072231242117, -0.13375367858000248, -0.047639401125625161, 0.038452483475728202, 0.12456244415064452, 0.21073087274807473, 0.2969979110223927, 0.3834032762008045, 0.46998608416405363, 0.55678466928121373, 0.64383639995661301, 0.73117748897018808, 0.81884279772250546, 0.90686563353327809, 0.99527753918848072, 1.0841080739873601, 1.1733845856081355, 1.2631319721915377, 1.353372434136163, 1.4441252152107582, 1.5354063327178145, 1.6272282965922356, 1.7195998174902567, 1.8125255041191837, 1.9060055502797435, 2.0000354123415303, 2.0946054781496679, 2.18970072866842, 2.2853003940056835, 2.3813776058310845, 2.4778990485989971, 2.5748246124145209, 2.6721070508325324, 2.7696916473532931, 2.867515894867271, 2.9655091927996686, 3.0635925672027469, 3.1616784195305558, 3.2596703102933353, 3.3574627842127303, 3.4549412438672857, 3.5519818791117221, 3.648451659752975, 3.7442083990493753, 3.8391008955444272, 3.9329691605311381, 4.0256447380452567, 4.116951123686361, 4.206704287747618, 4.2947133070854475, 4.3807811088718474, 4.464705327844066, 4.546279276905854, 4.6252930289579721, 4.701534605669087, 4.7747912665783963, 4.8448508894954383, 4.9115034306880849, 4.9745424508933471, 5.0337666908217891, 5.0889816776347585, 5.1400013419369106, 5.1866496232262662, 5.2287620405577968, 5.2661872044734164, 5.2987882460880602, 5.3264441396395839, 5.349050895831585, 5.3665226049238237, 5.3787923107329796, 5.3858126994520514, 5.3875565904129656, 5.3840172195170091, 5.3752083099381016, 5.3611639287487467, 5.3419381322047288, 5.3176044064271171, 5.2882549140176751, 5.2539995606242682, 5.2149648985378647, 5.1712928869720649, 5.1231395306899516, 5.0706734200646135, 5.0140741964746978, 4.9535309671533518, 4.8892406932566841, 4.8214065740434418, 4.7502364487223785, 4.6759412358001837, 4.5987334277301821, 4.5188256564026981, 4.4364293426139376, 4.3517534401797517, 4.2650032828956119, 4.176379540148405, 4.0860772847131352, 3.9942851741621435, 3.9011847454088735, 3.8069498202254497, 3.7117460181263016, 3.6157303718032545, 3.5190510393277163, 3.421847106593499, 3.3242484729450497, 3.2263758126025062, 3.1283406043365396, 3.0302452218405627, 2.9321830773732058, 2.8342388114779546, 2.7364885219083317, 2.6390000252762129, 2.5418331453797416, 2.4450400226396116, 2.3486654395641313, 2.2527471576622617, 2.157316261719636, 2.0623975078370664, 1.9680096720977309, 1.874165897173063, 1.7808740345947913, 1.6881369808091722, 1.5959530054878959, 1.5043160708979149, 1.4132161414297773, 1.3226394826516943, 1.2325689494957655, 1.142984263395016, 1.0538622783769367, 0.96517723628291374, 0.87690101142527799, 0.78900334511656955, 0.70145207061101633, 0.61421332908794046, 0.52725177738259354, 0.44053078823342701, 0.35401264386747655, 0.26765872378872602, 0.18142968766919371, 0.095285654270074086, 0.0091863773413748684, -0.076908580536113505, -0.16303967519259474, -0.24924720821563534, -0.33557115342148175, -0.42205098147586406, -0.50872548169790266, -0.5956325800948975, -0.68280915269566678, -0.77029083327621739, -0.85811181460477226, -0.94630464237451228, -1.0349000010429199, -1.1239264908576976, -1.2134103954222515, -1.3033754392403518, -1.3938425347814649, -1.4848295187272482, -1.5763508771977135, -1.668417459914536, -1.7610361834408936, -1.8542097238439035, -1.9479361993590523, -2.0422088438974484, -2.1370156725276641, -2.2323391403851591, -2.3281557968141873, -2.4244359369293287, -2.5211432531952238, -2.6182344900615417, -2.7156591051523837, -2.8133589409905331, -2.9112679117309743, -3.0093117098770561, -3.1074075384467781, -3.2054638745342445, -3.3033802706586153, -3.4010472006941557, -3.4983459575125311, -3.5951486097228922, -3.6913180250456361, -3.7867079678801283, -3.8811632785027332, -3.9745201410372561, -4.0666064468544532, -4.1572422593620351, -4.246240385226379, -4.3334070559114144, -4.4185427220243145, -4.5014429613243365, -4.5818994993916213, -4.6597013398874623, -4.7346359990974412, -4.8064908370751604, -4.8750544752490397, -4.9401182878795407, -5.001477952329564, -5.0589350408137559, -5.1122986342044854, -5.1613869366758864, -5.20602886854285, -5.246065613673518, -5.2813520973856516, -5.3117583708296898, -5.3371708785472771, -5.3574935871865339, -5.3726489552451273, -5.382578726167254, -5.387244530085936, -5.3866282829015866, -5.3807323751266063, -5.3695796468945751, -5.3532131496113262, -5.3316956987893986, -5.3051092265328492, -5.2735539458085094, -5.2371473419458185, -5.1960230096597328, -5.1503293562185117, -5.1002281931306905, -5.0458932398765324, -4.987508563754905, -4.9252669798745234, -4.8593684347262949, -4.7900183956849371, -4.7174262672698832, -4.6418038531237604, -4.5633638805226244, -4.482318601898192, -4.3988784854092389, -4.3132510041228294, -4.2256395309246715, -4.1362423439311025, -4.0452517449725356, -3.9528532916985584, -3.8592251420465966, -3.7645375082375097, -3.6689522161216725, -3.5726223645989506, -3.4756920789693604, -3.3782963514264184, -3.2805609614660916, -3.182602468731655, -3.0845282707274286, -2.9864367178901263, -2.8884172786830886, -2.7905507476542848, -2.6929094897530583, -2.5955577146141029, -2.4985517749728374, -2.4019404838589313, -2.3057654457109344, -2.2100613970535616, -2.1148565528708665, -2.0201729552857866, -1.9260268216135592, -1.8324288892889007, -1.7393847555716275, -1.6468952103106347, -1.5549565603908921, -1.46356094480225, -1.3726966395527693, -1.2823483519040901, -1.1924975036332717, -1.1031225032263101, -1.0141990070849036, -0.92570016998195903, -0.83759688513472308, -0.74985801437927624, -0.66245060902827735, -0.57534012207714924, -0.4884906124940015, -0.40186494238706932, -0.31542496789174357, -0.22913172465858783, -0.14294560885527041, -0.056826554619906197, 0.029265791078174411, 0.11537189520128957, 0.2015321660530337, 0.28778678035472827, 0.37417550901033181, 0.46073754058778638, 0.54751130155608108, 0.63453427233396753, 0.72184279822883113, 0.8094718943734166, 0.8974550438048321, 0.98582398787554792, 1.074608508241172, 1.1638361997360165, 1.2535322335263686, 1.3437191100245769, 1.4344164011563756, 1.5256404817011155, 1.6174042495717043, 1.7097168350700354, 1.8025832993464279, 1.8960043225099725, 1.9899758820823843, 2.0844889227624401, 2.1795290187724516, 2.275076030393163, 2.3711037566590019, 2.467579586581083, 2.5644641516892088, 2.6617109831336405, 2.7592661770587497, 2.857068072448457, 2.9550469461406683, 3.0531247302060169, 3.1512147573745142, 3.2492215406595628, 3.3470405937575882, 3.4445582991766459, 3.5416518313502721, 3.6381891422034158, 3.7340290167341337, 3.8290212061356272, 3.9230066457858817, 4.0158177650549884, 4.107278895303196, 4.1972067816486769, 4.2854112030595291, 4.3716957040617306, 4.4558584398520686, 4.5376931348687819, 4.6169901529181141, 4.6935376748071214, 4.7671229771275927, 4.8375338034187996, 4.904559816464487, 4.9679941180178204, 5.027634819870511, 5.0832866479685341, 5.1347625593089141, 5.1818853497121813, 5.224489229331164, 5.2624213419991612, 5.2955432042974708, 5.3237320405768784, 5.3468819911242216, 5.3649051722269476, 5.3777325690361675, 5.3853147448197696, 5.3876223533669858, 5.3846464448695954, 5.3763985594607391, 5.362910606625432, 5.3442345327845961, 5.3204417833717876, 5.2916225695467389, 5.2578849532091203, 5.2193537670894381, 5.1761693893194511, 5.1284863939597809, 5.0764721004482212, 5.0203050458119787, 4.9601734037668255, 4.8962733745327434, 4.8288075683742049, 4.7579834045839027, 4.6840115459428624, 4.6071043866863253, 4.5274746097656831, 4.4453338268043474, 4.3608913116784782, 4.2743528361846685, 4.1859196138508326, 4.0957873556586017, 4.004145439320447, 3.9111761918266201, 3.8170542832696408, 3.7219462284815426, 3.6260099917866548, 3.5293946891779839, 3.4322403814594447, 3.3346779513455056, 3.2368290571565117, 3.1388061555718711, 3.0407125858826389, 2.9426427082974618, 2.8446820890792823, 2.7469077256033114, 2.6493883048096682, 2.5521844889584493, 2.4553492230644545, 2.3589280588789765, 2.2629594907846098, 2.167475299465583, 2.0725008997021725, 1.9780556891066012, 1.8841533950642975, 1.7908024175647552, 1.6980061659979986, 1.6057633883543425, 1.5140684915961784, 1.4229118522710762, 1.3322801167062579, 1.2421564903666429, 1.1525210161737198, 1.0633508417721147, 0.97462047589683687, 0.88630203413869157, 0.79836547453021989, 0.71077882348170396, 0.62350839268804936, 0.53651898770459483, 0.44977410895460823, 0.36323614598500059, 0.27686656583093716, 0.19062609638572786, 0.10447490570070235, 0.018372778161553555, -0.067720711496408917, -0.15384602536100661, -0.24004348972511891, -0.32635312169797243, -0.41281445406967054, -0.49946635746134849, -0.58634685880699089, -0.67349295523214214, -0.76094042242020443, -0.84872361658942297, -0.93687526924409115, -1.0254262739129962, -1.1144054641480041, -1.2038393821273836, -1.2937520372935287, -1.3841646545549211, -1.4750954116992601, -1.5665591658005624, -1.6585671685597045, -1.7511267706972149, -1.8442411157211036, -1.937908823622901, -2.0321236653134642, -2.1268742288978308, -2.2221435792063819, -2.3179089123482024, -2.4141412074315731, -2.5108048780049419, -2.6078574262074086, -2.70524910307762, -2.8029225789493952, -2.9008126283554043, -2.9988458343590798, -3.0969403177300774, -3.1950054968585584, -3.2929418847547964, -3.390640929887601, -3.48798490796029, -3.5848468719872004, -3.6810906681961861, -3.7765710253214606, -3.8711337247440953, -3.9646158586624365, -4.0568461830105838, -4.147645571171048, -4.2368275736320573, -4.3241990876097418, -4.4095611392851914, -4.4927097796980684, -4.5734370935022568, -4.6515323177444117, -4.7267830656030041, -4.7989766476637712, -4.8679014808581424, -4.9333485727150057, -4.9951130661425855, -5.0529958276427935, -5.1068050597461365, -5.15635791662391, -5.2014821003665643, -5.2420174143878615, -5.2778172498892157, -5.3087499813492887, -5.3347002476255803, -5.3555700964825288, -5.3712799721878444, -5.3817695282157549, -5.3869982500099498, -5.3869458761164228, -5.3816126097040788, -5.3710191164407304, -5.355206308765065, -5.3342349206668223, -5.3081848810335623, -5.2771544973241156, -5.2412594646782455, -5.2006317184766262, -5.1554181507512791, -5.1057792126621813, -5.0518874264715032, -4.993925831056659, -4.9320863850226324, -4.8665683509382518, -4.7975766831824522, -4.7253204404107869, -4.6500112418146475, -4.571861784226634, -4.4910844348079735, -4.407889911618696, -4.322486061894975, -4.2350767454098737, -4.145860827934337, -4.0550312875951837, -3.9627744348861182, -3.8692692452559401, -3.7746868015944495, -3.679189842571112, -3.5829324116559893, -3.4860596007613815, -3.3887073817748732, -3.2910025187942971, -3.193062553603621, -3.0949958568248341, -2.9969017372224664, -2.8988706018020838, -2.800984159610139, -2.7033156624892229, -2.6059301764507743, -2.5088848777792672, -2.4122293684622584, -2.3160060060360119, -2.2202502434352271, -2.1249909749282123, -2.0302508846979306, -1.9360467950887614, -1.8423900119740082, -1.749286665107014, -1.6567380416972093, -1.5647409118004276, -1.473287844430208, -1.382367513583924, -1.2919649936354021, -1.202062043775546, -1.1126373813859289, -1.0236669444092168, -0.93512414293650148, -0.84698010036711513, -0.75920388461322985, -0.67176272992140373, -0.58462224996802714, -0.49774664295706444, -0.41109888950814405, -0.32464094417236067, -0.23833392145338672, -0.15213827724379092, -0.066013986611758002, 0.020079281107500332, 0.10618198894781448, 0.19233455969935756, 0.27857720306734257, 0.36494974162335747, 0.45149143457641361, 0.53824079840152128, 0.62523542337969951, 0.71251178512519142, 0.80010505020414457, 0.88804887498486473, 0.97637519690408481, 1.0651140173876477, 1.1542931757289789, 1.2439381133061813, 1.3340716276101932, 1.4247136156639402, 1.5158808065376606, 1.6075864828105026, 1.6998401909950371, 1.7926474411314535, 1.8860093959737636, 1.9799225504330396, 2.0743784022140677, 2.1693631148829473, 2.2648571749348196, 2.3608350447931952, 2.4572648140647031, 2.554107851793995, 2.6513184629104871, 2.7488435525278723, 2.8466223022436612, 2.9445858630826947, 3.0426570702270515, 3.1407501851646771, 3.2387706713579734, 3.3366150099670997, 3.4341705625444163, 3.5313154879280511, 3.6279187207839945, 3.7238400193561532, 3.8189300899602716, 3.9130307955782304, 4.0059754555522442, 4.0975892428236564, 4.1876896843908193, 4.276087269661172, 4.3625861701354545, 4.4469850723847264, 4.5290781245689722, 4.6086559948137626, 4.6855070376327541, 4.7594185622931056, 4.8301781946131506, 4.8975753212122735, 4.961402602766718, 5.0214575404348798, 5.0775440773804501, 5.129474215323679, 5.1770696243722938, 5.2201632231028929, 5.258600705052098, 5.2922419874943429, 5.3209625586746352, 5.3446547005563536, 5.3632285656419088, 5.3766130885107568, 5.3847567153550671, 5.3876279379157506, 5.3852156217479434, 5.37752912257492, 5.3645981885093672, 5.3464726500088329, 5.3232219034629047, 5.2949341981607834, 5.2617157399448287, 5.2236896280167526, 5.1809946440439827, 5.1337839148500395, 5.0822234715226546, 5.0264907287178779, 4.9667729082812659, 4.9032654310731152, 4.8361703001170202, 4.7656944969483579, 4.6920484113921122, 4.6154443230258906, 4.5360949503660679, 4.4542120814351467, 4.3700052969057515, 4.2836807945449138, 4.1954403212668341, 4.1054802167995277, 4.0139905708264347, 3.9211544935136651, 3.8271474976017492, 3.7321369887428308, 3.6362818595061466, 3.5397321814548932, 3.4426289889079174, 3.3451041474268068, 3.2472802996955292, 3.1492708812657981, 3.0511801986051599, 2.9531035619841046, 2.8551274659511088, 2.7573298104490505, 2.6597801560027796, 2.5625400068373114, 2.4656631162525491, 2.3691958090690437, 2.2731773164574767, 2.1776401189617456, 2.0826102940130693, 1.9881078647034693, 1.8941471470360574, 1.8007370932928346, 1.7078816295556285, 1.6155799857807098, 1.5238270171619679, 1.4326135158212905, 1.3419265121387052, 1.2517495652799615, 1.1620630426971033, 1.0728443885698271, 0.98406838132394103, 0.89570738050996723, 0.80773156345180208, 0.7201091521843167, 0.63280663129168258, 0.54578895733684551, 0.45901976063854749, 0.37246154020718092, 0.286075852695857, 0.19982349625963125, 0.11366469024489645, 0.027559251653395345, -0.058533230658160199, -0.14465322307065576, -0.2308410746089013, -0.31713684368177664, -0.40358012317945413, -0.4902098629589452, -0.57706418876228338, -0.66418021663025695, -0.75159386189933519, -0.83933964190107702, -0.92745047152282856, -1.0159574508369704, -1.1048896440647036, -1.1942738492106957, -1.2841343577884943, -1.3744927041550785, -1.4653674040881268, -1.5567736823733436, -1.6487231893235579, -1.7412237063281171, -1.8342788407323767, -1.9278877105745609, -2.0220446199626059, -2.1167387261581334, -2.211953699749428, -2.3076673796406433, -2.4038514249603056, -2.5004709663975251, -2.5974842599072581, -2.6948423461834068, -2.7924887197761605, -2.890359012221865, -2.9883806940523603, -3.086472801046777, -3.1845456905709613, -3.2825008343047024, -3.3802306540694458, -3.4776184078218946, -3.574538133152763, -3.6708546558042987, -3.766423670773337, -3.8610919034762485, -3.9546973581960452, -4.0470696605889156, -4.138030500378421, -4.2273941794944427, -4.3149682698090883, -4.4005543832772247, -4.4839490557060522, -4.5649447435654764, -4.6433309312274602, -4.7188953438165608, -4.7914252585047326, -4.8607089046407488, -4.9265369406280968, -4.9887039930234982, -5.0470102409972846, -5.1012630271573007, -5.1512784738725301, -5.1968830827223016, -5.2379152936175659, -5.2742269795589563, -5.3056848529657401, -5.3321717600672551, -5.3535878410114499, -5.3698515351094516, -5.3809004129732578, -5.3866918201658303, -5.3872033202970568, -5.3824329291742625, -5.3723991355454235, -5.357140708038882, -5.3367162919811921, -5.3112038037400104, -5.2806996339721461, -5.2453176745486081, -5.2051881868844134, -5.1604565318451607, -5.1112817832806137, -5.0578352485159792, -5.0002989198055996, -4.9388638808346919, -4.8737286918759786, -4.8050977762201708, -4.7331798290666613, -4.658186268257853, -4.5803297441475888, -4.499822723593871, -4.4168761606396822, -4.3316982639703658, -4.2444933687817858, -4.1554609183220403, -4.0647945581324363, -3.9726813439519906, -3.879301062394477, -3.7848256618783975, -3.6894187898991651, -3.5932354315817943, -3.4964216435367379, -3.3991143763506138, -3.3014413785620973, -3.2035211746825878, -3.1054631097004832, -3.0073674525350063, -2.9093255510581399, -2.8114200315594768, -2.7137250358677751, -2.6163064897453707, -2.5192223966196141, -2.4225231511935381, -2.326251867972255, -2.2304447202405271, -2.1351312855207927, -2.0403348940218047, -1.9460729770497887, -1.852357412791968, -1.759194867293179, -1.6665871288279499, -1.5745314342217154, -1.4830207859954616, -1.3920442594984295, -1.3015872994543873, -1.2116320055797414, -1.1221574071379481, -1.0331397264761213, -0.94455263174825344, -0.85636747916710276, -0.76855354524542541, -0.68107824958881191, -0.593907368888697, -0.50700524283690074, -0.42033497274391024, -0.3338586136934536, -0.24753736110706664, -0.16133173262545908, -0.075201746239470166, 0.010892904376843676, 0.096992676364366856, 0.18313800503273786, 0.2693691310901461, 0.35572592677000742, 0.44224771988074757, 0.52897311481512199, 0.61593980957097716, 0.70318440785661007, 0.79074222538160044, 0.87864708946901804, 0.96693113116827611, 1.0556245691007788, 1.1447554843342278, 1.2343495856575206, 1.3244299647181756, 1.4150168405899348, 1.5061272934614531, 1.5977749872797147, 1.689969881345958, 1.7827179310494086, 1.8760207781368805, 1.9698754311560298, 2.0642739369782888, 2.1592030446054262, 2.2546438627920624, 2.350571513375511, 2.4469547825935005, 2.5437557730883, 2.640929559740103, 2.7384238529396132, 2.8361786733945675, 2.9341260430608904, 3.0321896972879236, 3.130284823758545, 3.2283178342768006, 3.3261861758937026, 3.4237781882499085, 3.5209730143339448, 3.6176405720866835, 3.7136415944057277, 3.8088277450951669, 3.9030418181444464, 3.9961180273830559])
