(array([ 0.  ,  0.01,  0.02,  0.03,  0.04,  0.05,  0.06,  0.07,  0.08,
        0.09,  0.1 ,  0.11,  0.12,  0.13,  0.14,  0.15,  0.16,  0.17,
        0.18,  0.19,  0.2 ,  0.21,  0.22,  0.23,  0.24,  0.25,  0.26,
        0.27,  0.28,  0.29,  0.3 ,  0.31,  0.32,  0.33,  0.34,  0.35,
        0.36,  0.37,  0.38,  0.39,  0.4 ,  0.41,  0.42,  0.43,  0.44,
        0.45,  0.46,  0.47,  0.48,  0.49,  0.5 ,  0.51,  0.52,  0.53,
        0.54,  0.55,  0.56,  0.57,  0.58,  0.59,  0.6 ,  0.61,  0.62,
        0.63,  0.64,  0.65,  0.66,  0.67,  0.68,  0.69,  0.7 ,  0.71,
        0.72,  0.73,  0.74,  0.75,  0.76,  0.77,  0.78,  0.79,  0.8 ,
        0.81,  0.82,  0.83,  0.84,  0.85,  0.86,  0.87,  0.88,  0.89,
        0.9 ,  0.91,  0.92,  0.93,  0.94,  0.95,  0.96,  0.97,  0.98,
        0.99,  1.  ,  1.01,  1.02,  1.03,  1.04,  1.05,  1.06,  1.07,
        1.08,  1.09,  1.1 ,  1.11,  1.12,  1.13,  1.14,  1.15,  1.16,
        1.17,  1.18,  1.19,  1.2 ,  1.21,  1.22,  1.23,  1.24,  1.25,
        1.26,  1.27,  1.28,  1.29,  1.3 ,  1.31,  1.32,  1.33,  1.34,
        1.35,  1.36,  1.37,  1.38,  1.39,  1.4 ,  1.41,  1.42,  1.43,
        1.44,  1.45,  1.46,  1.47,  1.48,  1.49,  1.5 ,  1.51,  1.52,
        1.53,  1.54,  1.55,  1.56,  1.57,  1.58,  1.59,  1.6 ,  1.61,
        1.62,  1.63,  1.64,  1.65,  1.66,  1.67,  1.68,  1.69,  1.7 ,
        1.71,  1.72,  1.73,  1.74,  1.75,  1.76,  1.77,  1.78,  1.79,
        1.8 ,  1.81,  1.82,  1.83,  1.84,  1.85,  1.86,  1.87,  1.88,
        1.89,  1.9 ,  1.91,  1.92,  1.93,  1.94,  1.95,  1.96,  1.97,
        1.98,  1.99,  2.  ,  2.01,  2.02,  2.03,  2.04,  2.05,  2.06,
        2.07,  2.08,  2.09,  2.1 ,  2.11,  2.12,  2.13,  2.14,  2.15,
        2.16,  2.17,  2.18,  2.19,  2.2 ,  2.21,  2.22,  2.23,  2.24,
        2.25,  2.26,  2.27,  2.28,  2.29,  2.3 ,  2.31,  2.32,  2.33,
        2.34,  2.35,  2.36,  2.37,  2.38,  2.39,  2.4 ,  2.41,  2.42,
        2.43,  2.44,  2.45,  2.46,  2.47,  2.48,  2.49,  2.5 ,  2.51,
        2.52,  2.53,  2.54,  2.55,  2.56,  2.57,  2.58,  2.59,  2.6 ,
        2.61,  2.62,  2.63,  2.64,  2.65,  2.66,  2.67,  2.68,  2.69,
        2.7 ,  2.71,  2.72,  2.73,  2.74,  2.75,  2.76,  2.77,  2.78,
        2.79,  2.8 ,  2.81,  2.82,  2.83,  2.84,  2.85,  2.86,  2.87,
        2.88,  2.89,  2.9 ,  2.91,  2.92,  2.93,  2.94,  2.95,  2.96,
        2.97,  2.98,  2.99,  3.  ,  3.01,  3.02,  3.03,  3.04,  3.05,
        3.06,  3.07,  3.08,  3.09,  3.1 ,  3.11,  3.12,  3.13,  3.14,
        3.15,  3.16,  3.17,  3.18,  3.19,  3.2 ,  3.21,  3.22,  3.23,
        3.24,  3.25,  3.26,  3.27,  3.28,  3.29,  3.3 ,  3.31,  3.32,
        3.33,  3.34,  3.35,  3.36,  3.37,  3.38,  3.39,  3.4 ,  3.41,
        3.42,  3.43,  3.44,  3.45,  3.46,  3.47,  3.48,  3.49,  3.5 ,
        3.51,  3.52,  3.53,  3.54,  3.55,  3.56,  3.57,  3.58,  3.59,
        3.6 ,  3.61,  3.62,  3.63,  3.64,  3.65,  3.66,  3.67,  3.68,
        3.69,  3.7 ,  3.71,  3.72,  3.73,  3.74,  3.75,  3.76,  3.77,
        3.78,  3.79,  3.8 ,  3.81,  3.82,  3.83,  3.84,  3.85,  3.86,
        3.87,  3.88,  3.89,  3.9 ,  3.91,  3.92,  3.93,  3.94,  3.95,
        3.96,  3.97,  3.98,  3.99,  4.  ,  4.01,  4.02,  4.03,  4.04,
        4.05,  4.06,  4.07,  4.08,  4.09,  4.1 ,  4.11,  4.12,  4.13,
        4.14,  4.15,  4.16,  4.17,  4.18,  4.19,  4.2 ,  4.21,  4.22,
        4.23,  4.24,  4.25,  4.26,  4.27,  4.28,  4.29,  4.3 ,  4.31,
        4.32,  4.33,  4.34,  4.35,  4.36,  4.37,  4.38,  4.39,  4.4 ,
        4.41,  4.42,  4.43,  4.44,  4.45,  4.46,  4.47,  4.48,  4.49,
        4.5 ,  4.51,  4.52,  4.53,  4.54,  4.55,  4.56,  4.57,  4.58,
        4.59,  4.6 ,  4.61,  4.62,  4.63,  4.64,  4.65,  4.66,  4.67,
        4.68,  4.69,  4.7 ,  4.71,  4.72,  4.73,  4.74,  4.75,  4.76,
        4.77,  4.78,  4.79,  4.8 ,  4.81,  4.82,  4.83,  4.84,  4.85,
        4.86,  4.87,  4.88,  4.89,  4.9 ,  4.91,  4.92,  4.93,  4.94,
        4.95,  4.96,  4.97,  4.98,  4.99,  5.  ,  5.01,  5.02,  5.03,
        5.04,  5.05,  5.06,  5.07,  5.08,  5.09,  5.1 ,  5.11,  5.12,
        5.13,  5.14,  5.15,  5.16,  5.17,  5.18,  5.19,  5.2 ,  5.21,
        5.22,  5.23,  5.24,  5.25,  5.26,  5.27,  5.28,  5.29,  5.3 ,
        5.31,  5.32,  5.33,  5.34,  5.35,  5.36,  5.37,  5.38,  5.39,
        5.4 ,  5.41,  5.42,  5.43,  5.44,  5.45,  5.46,  5.47,  5.48,
        5.49,  5.5 ,  5.51,  5.52,  5.53,  5.54,  5.55,  5.56,  5.57,
        5.58,  5.59,  5.6 ,  5.61,  5.62,  5.63,  5.64,  5.65,  5.66,
        5.67,  5.68,  5.69,  5.7 ,  5.71,  5.72,  5.73,  5.74,  5.75,
        5.76,  5.77,  5.78,  5.79,  5.8 ,  5.81,  5.82,  5.83,  5.84,
        5.85,  5.86,  5.87,  5.88,  5.89,  5.9 ,  5.91,  5.92,  5.93,
        5.94,  5.95,  5.96,  5.97,  5.98,  5.99,  6.  ,  6.01,  6.02,
        6.03,  6.04,  6.05,  6.06,  6.07,  6.08,  6.09,  6.1 ,  6.11,
        6.12,  6.13,  6.14,  6.15,  6.16,  6.17,  6.18,  6.19,  6.2 ,
        6.21,  6.22,  6.23,  6.24,  6.25,  6.26,  6.27,  6.28,  6.29,
        6.3 ,  6.31,  6.32,  6.33,  6.34,  6.35,  6.36,  6.37,  6.38,
        6.39,  6.4 ,  6.41,  6.42,  6.43,  6.44,  6.45,  6.46,  6.47,
        6.48,  6.49,  6.5 ,  6.51,  6.52,  6.53,  6.54,  6.55,  6.56,
        6.57,  6.58,  6.59,  6.6 ,  6.61,  6.62,  6.63,  6.64,  6.65,
        6.66,  6.67,  6.68,  6.69,  6.7 ,  6.71,  6.72,  6.73,  6.74,
        6.75,  6.76,  6.77,  6.78,  6.79,  6.8 ,  6.81,  6.82,  6.83,
        6.84,  6.85,  6.86,  6.87,  6.88,  6.89,  6.9 ,  6.91,  6.92,
        6.93,  6.94,  6.95,  6.96,  6.97,  6.98,  6.99,  7.  ,  7.01,
        7.02,  7.03,  7.04,  7.05,  7.06,  7.07,  7.08,  7.09,  7.1 ,
        7.11,  7.12,  7.13,  7.14,  7.15,  7.16,  7.17,  7.18,  7.19,
        7.2 ,  7.21,  7.22,  7.23,  7.24,  7.25,  7.26,  7.27,  7.28,
        7.29,  7.3 ,  7.31,  7.32,  7.33,  7.34,  7.35,  7.36,  7.37,
        7.38,  7.39,  7.4 ,  7.41,  7.42,  7.43,  7.44,  7.45,  7.46,
        7.47,  7.48,  7.49,  7.5 ,  7.51,  7.52,  7.53,  7.54,  7.55,
        7.56,  7.57,  7.58,  7.59,  7.6 ,  7.61,  7.62,  7.63,  7.64,
        7.65,  7.66,  7.67,  7.68,  7.69,  7.7 ,  7.71,  7.72,  7.73,
        7.74,  7.75,  7.76,  7.77,  7.78,  7.79,  7.8 ,  7.81,  7.82,
        7.83,  7.84,  7.85,  7.86,  7.87,  7.88,  7.89,  7.9 ,  7.91,
        7.92,  7.93,  7.94,  7.95,  7.96,  7.97,  7.98,  7.99,  8.  ,
        8.01,  8.02,  8.03,  8.04,  8.05,  8.06,  8.07,  8.08,  8.09,
        8.1 ,  8.11,  8.12,  8.13,  8.14,  8.15,  8.16,  8.17,  8.18,
        8.19,  8.2 ,  8.21,  8.22,  8.23,  8.24,  8.25,  8.26,  8.27,
        8.28,  8.29,  8.3 ,  8.31,  8.32,  8.33,  8.34,  8.35,  8.36,
        8.37,  8.38,  8.39,  8.4 ,  8.41,  8.42,  8.43,  8.44,  8.45,
        8.46,  8.47,  8.48,  8.49,  8.5 ,  8.51,  8.52,  8.53,  8.54,
        8.55,  8.56,  8.57,  8.58,  8.59,  8.6 ,  8.61,  8.62,  8.63,
        8.64,  8.65,  8.66,  8.67,  8.68,  8.69,  8.7 ,  8.71,  8.72,
        8.73,  8.74,  8.75,  8.76,  8.77,  8.78,  8.79,  8.8 ,  8.81,
        8.82,  8.83,  8.84,  8.85,  8.86,  8.87,  8.88,  8.89,  8.9 ,
        8.91,  8.92,  8.93,  8.94,  8.95,  8.96,  8.97,  8.98,  8.99,
        9.  ,  9.01,  9.02,  9.03,  9.04,  9.05,  9.06,  9.07,  9.08,
        9.09,  9.1 ,  9.11,  9.12,  9.13,  9.14,  9.15,  9.16,  9.17,
        9.18,  9.19,  9.2 ,  9.21,  9.22,  9.23,  9.24,  9.25,  9.26,
        9.27,  9.28,  9.29,  9.3 ,  9.31,  9.32,  9.33,  9.34,  9.35,
        9.36,  9.37,  9.38,  9.39,  9.4 ,  9.41,  9.42,  9.43,  9.44,
        9.45,  9.46,  9.47,  9.48,  9.49,  9.5 ,  9.51,  9.52,  9.53,
        9.54,  9.55,  9.56,  9.57,  9.58,  9.59,  9.6 ,  9.61,  9.62,
        9.63,  9.64,  9.65,  9.66,  9.67,  9.68,  9.69,  9.7 ,  9.71,
        9.72,  9.73,  9.74,  9.75,  9.76,  9.77,  9.78,  9.79,  9.8 ,
        9.81,  9.82,  9.83,  9.84,  9.85,  9.86,  9.87,  9.88,  9.89,
        9.9 ,  9.91,  9.92,  9.93,  9.94,  9.95,  9.96,  9.97,  9.98,  9.99]), [89.0, 88.999578135956455, 88.998955668968279, 88.998132755289078, 88.997109575284469, 88.995886333506988, 88.994463258793104, 88.992840604381954, 88.991018648055658, 88.988997692300757, 88.986778064490665, 88.984360117088585, 88.981744227870564, 88.978930800168271, 88.975920263131002, 88.972713072006442, 88.969309708439638, 88.965710680789599, 88.96191652446295, 88.957927802264038, 88.953745104760685, 88.949369050665069, 88.944800287228858, 88.940039490651884, 88.935087366503495, 88.929944650155861, 88.924612107228157, 88.919090534040947, 88.913380758079597, 88.907483638465948, 88.901400066437034, 88.895130965829935, 88.888677293571675, 88.882040040172967, 88.87522023022477, 88.868218922896361, 88.861037212433885, 88.853676228657989, 88.84613713745938, 88.838421141290993, 88.830529479655425, 88.822463429586392, 88.814224306122796, 88.805813462773969, 88.797232291974879, 88.788482225529663, 88.7795647350423, 88.770481332332807, 88.7612335698376, 88.751823040992591, 88.74225138059758, 88.732520265160375, 88.722631413219375, 88.712586585643081, 88.702387585905029, 88.692036260332927, 88.68153449833045, 88.670884232570288, 88.660087439157252, 88.649146137759956, 88.638062391709852, 88.62683830806634, 88.615476037646786, 88.603977775020127, 88.592345758463125, 88.580582269878079, 88.568689634670974, 88.556670221589172, 88.544526442517665, 88.532260752233128, 88.519875648115018, 88.507373669812935, 88.494757398869851, 88.482029458300403, 88.469192512124096, 88.456249264852886, 88.443202460932937, 88.430054884140446, 88.41680935693141, 88.40346873974535, 88.390035930263267, 88.376513862619873, 88.362905506570613, 88.349213866613781, 88.335441981068442, 88.32159292110866, 88.307669789754883, 88.293675720823373, 88.279613877834549, 88.265487452881473, 88.251299665459513, 88.237053761258522, 88.222753010918922, 88.208400708753132, 88.194000171433956, 88.179554736651454, 88.165067761740161, 88.150542622278408, 88.135982710661665, 88.12139143465177, 88.106772215904201, 88.092128488475367, 88.077463697312169, 88.062781296725859, 88.048084748852602, 88.03337752210291, 88.018663089602242, 88.003944927625128, 87.989226514025162, 87.974511326663205, 87.959802841836108, 87.94510453270837, 87.930419867749038, 87.91575230917617, 87.901105311411229, 87.886482319545536, 87.871886767821195, 87.857322078128533, 87.842791658522316, 87.828298901758757, 87.813847183855387, 87.799439862675754, 87.78508027654081, 87.770771742868916, 87.756517556846049, 87.742320990128022, 87.728185289576217, 87.714113676028347, 87.700109343105552, 87.686175456057285, 87.672315150645048, 87.658531532066149, 87.6448276739184, 87.631206617206729, 87.617671369392454, 87.604224903485928, 87.590870157183076, 87.577610032046351, 87.564447392730486, 87.55138506625326, 87.538425841311465, 87.52557246764222, 87.512827655429419, 87.500194074755413, 87.487674355097496, 87.475271084869021, 87.462986811004697, 87.450824038589559, 87.438785230531096, 87.426872807273867, 87.415089146555829, 87.403436583205703, 87.391917408980362, 87.380533872441504, 87.369288178870434, 87.358182490220045, 87.347218925102823, 87.336399558813838, 87.325726423387408, 87.315201507686268, 87.304826757522022, 87.294604075805523, 87.284535322725858, 87.274622315956634, 87.264866830888167, 87.255270600884145, 87.2458353175615, 87.236562631091843, 87.227454150523329, 87.218511444121276, 87.20973603972628, 87.2011294251283, 87.19269304845534, 87.184428318575343, 87.17633660550986, 87.168419240858086, 87.160677518229903, 87.153112693686637, 87.145725986188083, 87.138518578044554, 87.131491615372624, 87.124646208553301, 87.117983432691418, 87.111504328074915, 87.105209900632957, 87.099101122391588, 87.093178931925962, 87.087444234807805, 87.081897904047253, 87.076540780527964, 87.07137367343438, 87.066397360670351, 87.061612589268051, 87.057020075786369, 87.05262050669775, 87.048414538762913, 87.044402799392344, 87.040585886994066, 87.036964371306752, 87.033538793717625, 87.03030966756441, 87.027277478420771, 87.024442684364587, 87.021805716228528, 87.019366977832505, 87.017126846197385, 87.015085671739598, 87.013243778446181, 87.011601464030008, 87.010159000064689, 87.008916632098973, 87.007874579750279, 87.007033036777301, 87.006392171131253, 87.005952124985754, 87.005713014745211, 87.005674931031564, 87.00583793864935, 87.006202076529078, 87.00676735764894, 87.007533768934906, 87.008501271139238, 87.00966979869763, 87.011039259565109, 87.012609535030833, 87.014380479512113, 87.016351920327864, 87.018523657451823, 87.020895463245878, 87.023467082173866, 87.026238230496304, 87.029208595946443, 87.032377837388253, 87.035745584456777, 87.039311437181453, 87.043074965593064, 87.047035709314898, 87.051193177138913, 87.055546846587475, 87.060096163461679, 87.064840541376824, 87.069779361286052, 87.074911970992972, 87.080237684654278, 87.08575578227321, 87.091465509184971, 87.097366075535106, 87.103456655751955, 87.109736388014269, 87.116204373715163, 87.122859676923639, 87.129701323844841, 87.136728302280375, 87.143939561089965, 87.151334009655812, 87.158910517350904, 87.16666791301283, 87.174604984424406, 87.182720477802576, 87.191013097297073, 87.199481504500326, 87.208124317970118, 87.21694011276648, 87.22592742000441, 87.235084726423963, 87.244410473979201, 87.253903059447609, 87.263560834061579, 87.273382103163428, 87.283365125885581, 87.293508114857389, 87.303809235940193, 87.31426660799211, 87.324878302663961, 87.335642344227963, 87.346556709440449, 87.357619327440162, 87.368828079683354, 87.38018079991717, 87.39167527419238, 87.403309240916855, 87.415080390950905, 87.426986367745499, 87.439024767524515, 87.451193139511872, 87.463488986204567, 87.475909763692272, 87.488452882024347, 87.501115705624869, 87.513895553756129, 87.526789701031277, 87.539795377976176, 87.552909771640998, 87.566130026261519, 87.579453243970278, 87.592876485557397, 87.606396771281084, 87.620011081727299, 87.633716358718402, 87.647509506270083, 87.661387391596008, 87.675346846159485, 87.68938466677119, 87.703497616732008, 87.717682427019909, 87.731935797519611, 87.746254398293715, 87.760634870893952, 87.775073829710877, 87.78956786336046, 87.804113536105845, 87.818707389312365, 87.833345942933974, 87.848025697028987, 87.862743133303184, 87.87749471667793, 87.892276896881185, 87.907086110059126, 87.921918780405875, 87.936771321809132, 87.951640139509038, 87.966521631767975, 87.981412191548614, 87.996308208197803, 88.011206069133621, 88.026102161533146, 88.040992874018258, 88.05587459833697, 88.07074373103778, 88.08559667513444, 88.100429841758697, 88.115239651798575, 88.130022537519679, 88.144774944167295, 88.159493331546912, 88.174174175580845, 88.188813969838961, 88.203409227041263, 88.217956480530347, 88.232452285711872, 88.246893221461079, 88.26127589149371, 88.275596925699602, 88.289852981437505, 88.304040744789532, 88.318156931774084, 88.332198289515844, 88.346161597371847, 88.360043668012608, 88.373841348457333, 88.387551521062562, 88.401171104463501, 88.414697054467538, 88.42812636489947, 88.441456068398153, 88.454683237164417, 88.467804983660031, 88.480818461257826, 88.493720864843098, 88.506509431366439, 88.519181440348333, 88.531734214336041, 88.544165119313135, 88.556471565062381, 88.568651005482593, 88.58070093886036, 88.592618908097279, 88.604402500893812, 88.616049349890702, 88.627557132768942, 88.638923572309508, 88.650146436413991, 88.66122353808737, 88.672152735384188, 88.682931931319501, 88.693559073745888, 88.704032155198007, 88.71434921270604, 88.724508327579557, 88.734507625163261, 88.744345274566058, 88.754019488365032, 88.76352852228581, 88.772870674860897, 88.782044287067436, 88.791047741945974, 88.799879464201837, 88.808537919790481, 88.8170216154885, 88.825329098451732, 88.833458955761927, 88.841409813963509, 88.849180338591864, 88.856769233694635, 88.864175241347382, 88.871397141165048, 88.878433749810554, 88.885283920501962, 88.891946542519364, 88.898420540712891, 88.90470487501311, 88.910798539944906, 88.91670056414614, 88.922410009892218, 88.927925972627634, 88.933247580505608, 88.938373993936864, 88.943304405148538, 88.948038037754216, 88.952574146335976, 88.956912016039382, 88.96105096218227, 88.964990329878205, 88.968729493675269, 88.972267857210994, 88.975604852884231, 88.978739941544475, 88.981672612199375, 88.984402381740978, 88.986928794691309, 88.989251422967811, 88.991369865669071, 88.993283748881282, 88.994992725505952, 88.996496475109126, 88.997794703792508, 88.998887144086751, 88.99977355486719, 89.000453721292303, 89.000927454764977, 89.001194592916818, 89.001254999615611, 89.00110856499596, 89.000755205513187, 89.000194864020543, 88.999427509869562, 88.998453139033685, 88.997271774254813, 88.995883465212842, 88.994288288717925, 88.992486348925226, 88.990477777571869, 88.988262734235875, 88.985841406616743, 88.983214010837131, 88.980380791765484, 88.977342023358887, 88.974098009025823, 88.970649082008251, 88.966995605782344, 88.963137974477348, 88.959076613311893, 88.954811979046951, 88.950344560454809, 88.945674878803189, 88.940803488353652, 88.935730976873515, 88.930457966160191, 88.924985112577147, 88.919313107600303, 88.913442678373968, 88.907374588275076, 88.90110963748468, 88.894648663565476, 88.887992542044088, 88.881142186996925, 88.874098551638212, 88.866862628908962, 88.859435452065298, 88.851818095264989, 88.844011674150408, 88.836017346426686, 88.827836312433405, 88.81946981570826, 88.810919143541142, 88.802185627517005, 88.793270644045904, 88.784175614878478, 88.774902007605249, 88.765451336138042, 88.755825161171799, 88.746025090625025, 88.736052780057221, 88.725909933061502, 88.715598301630749, 88.705119686495479, 88.694475937431832, 88.683668953537861, 88.672700683476563, 88.661573125683887, 88.650288328540228, 88.638848390503682, 88.627255460203557, 88.615511736492707, 88.603619468457111, 88.591580955381374, 88.57939854666877, 88.567074641714527, 88.554611689731246, 88.542012189525167, 88.529278689222352, 88.516413785943769, 88.503420125428349, 88.490300401603349, 88.477057356101255, 88.463693777722625, 88.450212501844476, 88.436616409773833, 88.422908428046142, 88.409091527668508, 88.395168723307677, 88.381143072423015, 88.367017674344524, 88.352795669296526, 88.338480237367335, 88.324074597425678, 88.309582005984581, 88.295005756013637, 88.280349175700749, 88.265615627164479, 88.250808505118286, 88.235931235488181, 88.220987273985216, 88.205980104634676, 88.190913238263576, 88.175790210948534, 88.160614582425978, 88.145389934466877, 88.130119869218149, 88.114808007513176, 88.099457987153826, 88.08407346116644, 88.068658096034426, 88.053215569910094, 88.037749570808458, 88.022263794785786, 88.006761944105662, 87.991247725395496, 87.975724847796272, 87.960197021108499, 87.944667953937341, 87.929141351839661, 87.913620915476088, 87.898110338770877, 87.882613307082536, 87.867133495387947, 87.851674566482941, 87.836240169201943, 87.820833936659454, 87.805459484516021, 87.790120409271253, 87.774820286586333, 87.759562669638527, 87.744351087509855, 87.729189043612337, 87.714080014151747, 87.699027446632016, 87.684034758402106, 87.669105335247153, 87.65424253002557, 87.639449661353638, 87.624730012338929, 87.610086829363979, 87.595523320921245, 87.581042656500443, 87.566647965529157, 87.552342336367431, 87.538128815357055, 87.524010405926006, 87.509990067748376, 87.496070715960144, 87.482255220430844, 87.468546405091089, 87.454947047315926, 87.441459877363727, 87.428087577870272, 87.414832783397557, 87.40169808003678, 87.388686005064841, 87.375799046653555, 87.363039643630728, 87.350410185292219, 87.337913011263822, 87.32555041141201, 87.313324625802238, 87.301237844703621, 87.289292208638713, 87.277489808476858, 87.265832685569904, 87.254322831928647, 87.242962190438533, 87.231752655113169, 87.220696071383884, 87.209794236423875, 87.199048899505243, 87.188461762387249, 87.178034479734237, 87.167768659561347, 87.157665863706526, 87.147727608327102, 87.137955364419142, 87.128350558358051, 87.118914572458692, 87.109648745553329, 87.100554373585823, 87.091632710220438, 87.082884967463599, 87.074312316297124, 87.065915887321282, 87.057696771406214, 87.049656020350213, 87.041794647543313, 87.034113628634913, 87.026613902203877, 87.019296370429856, 87.012161899764422, 87.005211321600797, 86.998445432940869, 86.9918649970583, 86.985470744156572, 86.979263372020739, 86.973243546661976, 86.967411902953657, 86.961769045258052, 86.95631554804271, 86.951051956485472, 86.945978787067304, 86.941096528152059, 86.936405640552394, 86.931906558080925, 86.927599688086119, 86.923485411971939, 86.919564085700813, 86.915836040279146, 86.912301582224842, 86.908960994016269, 86.905814534522179, 86.902862439412047, 86.90010492154633, 86.89754217134643, 86.895174357143702, 86.893001625507353, 86.891024101550855, 86.889241889216521, 86.887655071538092, 86.886263710881053, 86.88506784916045, 86.884067508036054, 86.883262689084816, 86.882653373950404, 86.882239524469767, 86.882021082776674, 86.881997971382276, 86.882170093232531, 86.882537331742725, 86.883099550808964, 86.883856594796896, 86.884808288507571, 86.88595443712083, 86.887294826116161, 86.888829221171392, 86.890557368039325, 86.89247899240263, 86.894593799707252, 86.896901474974698, 86.899401682593449, 86.902094066089887, 86.904978247879214, 86.908053828996671, 86.9113203888096, 86.91477748471074, 86.918424651793401, 86.922261402508894, 86.92628722630694, 86.930501589259521, 86.934903933668949, 86.939493677660707, 86.944270214761829, 86.949232913465451, 86.954381116782429, 86.95971414178068, 86.965231279113183, 86.970931792535396, 86.976814918413027, 86.982879865221093, 86.989125813035145, 86.995551913015746, 87.002157286887098, 87.008941026410952, 87.015902192856814, 87.023039816469577, 87.030352895935764, 87.037840397849351, 87.045501256178653, 87.053334371735176, 87.061338611645937, 87.069512808830325, 87.077855761482908, 87.086366232563421, 87.095042949295276, 87.103884602673986, 87.112889846986832, 87.122057299345087, 87.13138553923028, 87.140873108055885, 87.150518508745719, 87.160320205330635, 87.170276622564757, 87.180386145562792, 87.190647119459712, 87.201057849094298, 87.211616598717839, 87.222321591729497, 87.233171010439463, 87.244162995861501, 87.255295647536002, 87.266567023384908, 87.277975139599704, 87.289517970563779, 87.30119344881021, 87.312999465016205, 87.324933868035217, 87.336994464967788, 87.349179021272079, 87.361485260915032, 87.373910866564998, 87.386453479826585, 87.399110701518481, 87.411880091994902, 87.42475917151117, 87.437745420633945, 87.450836280696493, 87.46402915429934, 87.477321405856443, 87.490710362187087, 87.504193313153536, 87.517767512344264, 87.531430177802804, 87.545178492801767, 87.55900960666176, 87.572920635614707, 87.586908663711014, 87.600970743769921, 87.615103898372254, 87.629305120894671, 87.643571376584489, 87.657899603673968, 87.672286714532859, 87.686729596858029, 87.701225114898648, 87.715770110715695, 87.730361405473957, 87.744995800765196, 87.759670079960458, 87.774381009590016, 87.789125340748853, 87.803899810525934, 87.818701143455101, 87.833526052985661, 87.848371242970529, 87.863233409169695, 87.878109240766946, 87.892995421897439, 87.907888633184086, 87.922785553280221, 87.937682860416416, 87.952577233949114, 87.967465355908601, 87.982343912544309, 87.997209595864788, 88.012059105170351, 88.026889148575975, 88.041696444522216, 88.056477723272025, 88.071229728391245, 88.085949218210601, 88.100632967267302, 88.115277767724066, 88.129880430763677, 88.144437787957301, 88.158946692604573, 88.173404021043893, 88.187806673931178, 88.202151577485537, 88.216435684700414, 88.230655976518761, 88.244809462971006, 88.258893184274555, 88.272904211893788, 88.286839649559482, 88.300696634246805, 88.314472337111056, 88.328163964380479, 88.341768758205433, 88.355283997463616, 88.36870699852075, 88.382035115946536, 88.395265743185618, 88.408396313183516, 88.421424298967423, 88.43434721418204, 88.447162613580559, 88.459868093471044, 88.472461292118624, 88.484939890103874, 88.497301610637848, 88.509544219834481, 88.521665526940836, 88.533663384526136, 88.545535688630125, 88.557280378871823, 88.568895438519462, 88.580378894522653, 88.5917288175077, 88.6029433217372, 88.614020565035048, 88.624958748677898, 88.635756117254388, 88.646410958493249, 88.656921603061519, 88.667286424334307, 88.677503838137085, 88.687572302462129, 88.697490317160231, 88.707256423609024, 88.716869204359398, 88.726327282761105, 88.735629322569153, 88.744774027532102, 88.75376014096382, 88.76258644529976, 88.771251761639363, 88.779754949275684, 88.788094905213597, 88.796270563677922, 88.804280895612635, 88.812124908172507, 88.819801644208269, 88.827310181746626, 88.834649633466185, 88.841819146170579, 88.848817900259775, 88.855645109200708, 88.862300018998397, 88.868781907668463, 88.875090084712085, 88.88122389059447, 88.88718269622764, 88.892965902458585, 88.898572939563607, 88.904003266749669, 88.909256371663702, 88.914331769910532, 88.919229004580274, 88.923947645785873, 88.928487290211493, 88.932847560672457, 88.937028105687361, 88.941028599062918, 88.944848739492116, 88.948488250166335, 88.95194687840177, 88.955224395280752, 88.958320595308336, 88.961235296084737, 88.963968337993734, 88.966519583907669, 88.968888918909215, 88.971076250030279, 88.97308150600827, 88.974904637060035, 88.976545614673654, 88.978004431418256, 88.979281100772113, 88.980375656969031, 88.981288154863236, 88.982018669812817, 88.982567297581795, 88.982934154260803, 88.983119376206488, 88.983123119999505, 88.982945562421136, 88.982586900448425, 88.982047351267767, 88.981327152306847, 88.980426561284716, 88.979345856279906, 88.978085335816374, 88.97664531896703, 88.975026145474672, 88.973228175889972, 88.971251791726289, 88.969097395630982, 88.966765411572865, 88.964256285045423, 88.961570483285428, 88.958708495506571, 88.955670833147536, 88.952458030134196, 88.949070643155366, 88.945509251951592, 88.94177445961644, 88.937866892909724, 88.933787202582067, 88.929536063710188, 88.925114176042243, 88.920522264352542, 88.915761078805033, 88.910831395324664, 88.90573401597608, 88.900469769348675, 88.89503951094737, 88.889444123588248, 88.883684517798088, 88.877761632217144, 88.871676434004087, 88.865429919242303, 88.859023113346638, 88.852457071469459, 88.845732878905338, 88.83885165149313, 88.831814536014519, 88.824622710588102, 88.81727738505775, 88.809779801374432, 88.802131233970272, 88.79433299012382, 88.786386410315473, 88.778292868571867, 88.770053772798221, 88.761670565097504, 88.753144722075263, 88.744477755129097, 88.735671210721534, 88.726726670635372, 88.717645752210231, 88.708430108559341, 88.699081428765354, 88.689601438054282, 88.679991897946365, 88.670254606382898, 88.660391397827993, 88.650404143344289, 88.640294750641658, 88.630065164097928, 88.619717364750812, 88.609253370260063, 88.598675234839106, 88.587985049155336, 88.577184940198308, 88.566277071115195, 88.555263641012772, 88.544146884725365, 88.532929072548228, 88.521612509935878, 88.510199537164866, 88.498692528960717, 88.487093894088673, 88.475406074908037, 88.463631546889843, 88.451772818097893, 88.439832428633011, 88.427812950040575, 88.415716984681453, 88.403547165066556, 88.391306153155114, 88.378996639617228, 88.366621343060913, 88.354183009224215, 88.341684410132927, 88.329128343224554, 88.316517630439222, 88.303855117278303, 88.291143671831605, 88.278386183774103, 88.265585563333175, 88.252744740227357, 88.239866662577825, 88.22695429579376, 88.214010621432863, 88.201038636038334, 88.188041349953608, 88.175021786116417, 88.161982978833564, 88.14892797253782, 88.135859820528765, 88.122781583698867, 88.10969632924666, 88.096607129378569, 88.083517060001057, 88.070429199404856, 88.057346626942959, 88.044272421704122, 88.031209661183638, 88.018161419953046, 88.005130768330645, 87.992120771054417, 87.979134485959165, 87.966174962659565, 87.953245241240793], [0.0, 0.042145019493656011, 0.084268629240337137, 0.12636581683920711, 0.16843156383575214, 0.21046084127409742, 0.25244860528205604, 0.29438979269552468, 0.33627931672884087, 0.37811206269773073, 0.41988288380148364, 0.46158659697101695, 0.50321797878950736, 0.544771761492294, 0.58624262905278302, 0.62762521336111288, 0.66891409050236628, 0.71010377714114603, 0.75118872701935713, 0.79216332757406649, 0.83302189668233617, 0.87375867953994157, 0.91436784568090834, 0.95484348614480874, 0.9951796107987616, 1.035370145821078, 1.0754089313534825, 1.1152897193288129, 1.1550061714810753, 1.1945518575446776, 1.2339202536496103, 1.2731047409192675, 1.3120986042775098, 1.3508950314714672, 1.3894871123164512, 1.4278678381692034, 1.4660301016355397, 1.5039666965182668, 1.541670318011036, 1.5791335631435657, 1.6163489314834092, 1.6533088260991602, 1.6900055547896804, 1.7264313315835993, 1.7625782785129707, 1.7984384276645844, 1.8340037235120079, 1.8692660255309914, 1.9042171111003892, 1.9388486786902484, 1.9731523513381861, 2.0071196804146143, 2.0407421496767815, 2.0740111796109932, 2.1069181320617281, 2.1394543151457044, 2.1716109884482631, 2.2033793684987271, 2.23475063452066, 2.2657159344522082, 2.2962663912309353, 2.3263931093367889, 2.3560871815860405, 2.3853396961682445, 2.4141417439174551, 2.4424844258081269, 2.4703588606653222, 2.4977561930780325, 2.5246676015036265, 2.551084306550647, 2.5769975794263988, 2.602398750535011, 2.6272792182109215, 2.6516304575720184, 2.6754440294759836, 2.6987115895627376, 2.7214248973652695, 2.7435758254705642, 2.7651563687118026, 2.7861586533725378, 2.8065749463831162, 2.8263976644892441, 2.8456193833722701, 2.8642328467005207, 2.8822309750908186, 2.8996068749591988, 2.9163538472397779, 2.9324653959507572, 2.9479352365866203, 2.9627573043157529, 2.9769257619629559, 2.990435007756628, 3.0032796828207875, 3.0154546783925711, 3.0269551427463814, 3.0377764878064726, 3.0479143954304444, 3.0573648233468758, 3.0661240107311478, 3.0741884834044044, 3.0815550586415337, 3.0882208495750811, 3.0941832691830582, 3.0994400338497323, 3.1039891664896428, 3.1078289992262924, 3.1109581756182019, 3.1133756524262912, 3.1150807009178392, 3.1160729077036002, 3.1163521751059822, 3.1159187210575281, 3.1147730785302925, 3.1129160944980359, 3.1103489284344978, 3.1070730503523203, 3.1030902383884831, 3.0984025759433962, 3.0930124483820083, 3.0869225393065154, 3.0801358264113894, 3.0726555769325756, 3.0644853427037564, 3.0556289548335878, 3.0460905180187732, 3.0358744045087018, 3.0249852477382211, 3.0134279356458538, 3.0012076036954536, 2.9883296276199061, 2.9747996159060177, 2.9606234020402065, 2.9458070365349842, 2.9303567787565479, 2.9142790885740277, 2.8975806178511156, 2.8802682018008765, 2.8623488502245871, 2.8438297386553737, 2.8247181994273305, 2.8050217126905901, 2.7847478973926005, 2.7639045022455346, 2.742499396699408, 2.7205405619400609, 2.6980360819306903, 2.6749941345151029, 2.6514229826003035, 2.6273309654354313, 2.6027264900034233, 2.5776180225411167, 2.5520140802027997, 2.5259232228815094, 2.4993540452016276, 2.4723151686955562, 2.4448152341765077, 2.4168628943186268, 2.3884668064548977, 2.3596356256024884, 2.3303779977243844, 2.3007025532353786, 2.2706179007597012, 2.2401326211467869, 2.2092552617509256, 2.1779943309797734, 2.1463582931159748, 2.114355563415423, 2.0819945034849843, 2.0492834169418321, 2.016230545355882, 1.982844064476176, 1.9491320807414645, 1.9151026280746415, 1.8807636649601329, 1.8461230718028077, 1.8111886485664699, 1.7759681126895168, 1.7404690972748933, 1.7046991495510517, 1.6686657296002245, 1.6323762093499501, 1.5958378718234445, 1.5590579106440945, 1.5220434297890515, 1.4848014435866355, 1.4473388769520135, 1.409662565855387, 1.3717792580167332, 1.3336956138209426, 1.2954182074470537, 1.2569535282051298, 1.2183079820741969, 1.1794878934345598, 1.1404995069877089, 1.1013489898569604, 1.0620424338618926, 1.0225858579596008, 0.9829852108457342, 0.9432463737082557, 0.90337516312683186, 0.86337733411074224, 0.8232585832681909, 0.7830245520998933, 0.74268083040980848, 0.70223295982588851, 0.66168643742373145, 0.62104671944601808, 0.58031922511062772, 0.53950934050033994, 0.49862242252703193, 0.45766380296329134, 0.41663879253437686, 0.3755526850634483, 0.33441076166301209, 0.29321829496550422, 0.25198055338594894, 0.21070280540960939, 0.1693903238975476, 0.12804839040298988, 0.086682299491368076, 0.045297363056910234, 0.0038989146285934861, -0.037507686341732294, -0.078917050216283036, -0.12032375294061937, -0.16172233185257334, -0.2031072815381807, -0.24447304974201889, -0.28581403333940769, -0.32712457437795961, -0.36839895619604568, -0.40963139962576789, -0.45081605928808988, -0.4919470199878313, -0.53301829321626948, -0.57402381376913936, -0.61495743648786738, -0.65581293313190092, -0.69658398939003141, -0.73726420203863063, -0.77784707625473071, -0.8183260230918854, -0.85869435712674647, -0.89894529428426639, -0.93907194984941156, -0.97906733667322787, -1.018924363581035, -1.0586358339904527, -1.0981944447468657, -1.1375927851838183, -1.1768233364156961, -1.2158784708698926, -1.2547504520654857, -1.2934314346452254, -1.3319134646674284, -1.3701884801640942, -1.4082483119712925, -1.4460846848375437, -1.4836892188155735, -1.5210534309424604, -1.5581687372127735, -1.5950264548488777, -1.6316178048721046, -1.6679339149779946, -1.7039658227182806, -1.7397044789917231, -1.7751407518453062, -1.8102654305866801, -1.8450692302080738, -1.8795427961212241, -1.9136767092021298, -1.9474614911437171, -1.9808876101137136, -2.013945486714241, -2.0466255002388154, -2.0789179952216013, -2.1108132882729089, -2.1423016751940525, -2.1733734383637944, -2.204018854387706, -2.2342282020008688, -2.2639917702134378, -2.2932998666876681, -2.3221428263341166, -2.3505110201138204, -2.3783948640323795, -2.4057848283109933, -2.4326714467186599, -2.4590453260489169, -2.484897155723707, -2.5102177175062002, -2.534997895303662, -2.5592286850407993, -2.582901204583357, -2.6060067036911745, -2.6285365739793698, -2.6504823588658573, -2.6718357634830006, -2.6925886645308497, -2.7127331200491622, -2.7322613790851964, -2.7511658912341526, -2.7694393160290955, -2.7870745321572317, -2.8040646464795334, -2.8204030028309144, -2.8360831905784445, -2.8510990529154747, -2.865444694869995, -2.8791144910061042, -2.8921030927980942, -2.9044054356573605, -2.9160167455931538, -2.9269325454890476, -2.9371486609779502, -2.9466612258995037, -2.9554666873248023, -2.9635618101345154, -2.9709436811377019, -2.9776097127198882, -2.9835576460102677, -2.9887855535592771, -2.9932918415191589, -2.997075251321593, -3.0001348608478975, -3.0024700850887989, -3.004080676292245, -3.0049667235992321, -3.0051286521691112, -3.0045672217973136, -3.0032835250299206, -3.001278984780936, -2.9985553514595558, -2.9951146996161095, -2.9909594241167023, -2.986092235857885, -2.9805161570339465, -2.9742345159706027, -2.967250941540009, -2.959569357173093, -2.9511939744862024, -2.9421292865400019, -2.9323800607494093, -2.9219513314641357, -2.9108483922400978, -2.8990767878225849, -2.8866423058625994, -2.8735509683882388, -2.8598090230533524, -2.8454229341859882, -2.8303993736593536, -2.8147452116081131, -2.7984675070129028, -2.7815734981758804, -2.7640705931100285, -2.7459663598647186, -2.7272685168097972, -2.7079849229001001, -2.6881235679419277, -2.6676925628825421, -2.6467001301432291, -2.6251545940159149, -2.6030643711426866, -2.5804379610969277, -2.5572839370840534, -2.5336109367791071, -2.5094276533177, -2.4847428264559754, -2.4595652339144598, -2.4339036829198197, -2.4077670019576849, -2.3811640327488264, -2.3541036224601113, -2.3265946161607722, -2.2986458495336461, -2.2702661418501711, -2.2414642892170566, -2.212249058101686, -2.1826291791424604, -2.1526133412494723, -2.1222101860000748, -2.0914283023331279, -2.0602762215449308, -2.0287624125890993, -1.9968952776819346, -1.9646831482141267, -1.9321342809689765, -1.8992568546466808, -1.866058966693612, -1.8325486304349541, -1.7987337725085051, -1.7646222305969363, -1.7302217514553204, -1.6955399892302765, -1.6605845040666587, -1.6253627609973225, -1.5898821291111278, -1.5541498809940126, -1.5181731924376454, -1.4819591424098997, -1.4455147132811259, -1.4088467912999647, -1.3719621673122449, -1.3348675377163204, -1.2975695056480383, -1.2600745823883885, -1.2223891889867637, -1.1845196580926567, -1.1464722359885196, -1.1082530848164618, -1.0698682849913785, -1.0313238377930807, -0.99262566812994546, -0.95377962746658529, -0.91479149690803929, -0.87566699043295149, -0.83641175826822867, -0.79703139039766846, -0.757531420197048, -0.7179173281881992, -0.67819454590459571, -0.63836845986100421, -0.59844441561976414, -0.55842772194629209, -0.51832365504641587, -0.47813746287815384, -0.43787436953058645, -0.39753957966245679, -0.35713828299317374, -0.31667565883885107, -0.2761568806860657, -0.23558712079596944, -0.19497155483140638, -0.1543153664996515, -0.11362375220338361, -0.072901925692460345, -0.032155122709046857, 0.0086113943814112304, 0.049392331980889992, 0.09018236067876817, 0.13097611070871906, 0.17176816745022272, 0.2125530669824478, 0.25332529169834483, 0.29407926598683964, 0.33480935199110728, 0.37550984545095201, 0.41617497163743256, 0.45679888138791025, 0.49737564724979322, 0.53789925974131858, 0.57836362373776851, 0.61876255499161292, 0.65908977679510095, 0.69933891679388971, 0.73950350396035969, 0.77957696573527624, 0.81955262534650597, 0.85942369931351248, 0.89918329514633655, 0.93882440924778887, 0.97833992502752753, 1.017722611236656, 1.0569651205314141, 1.0960599882744608, 1.1349996315821071, 1.1737763486257675, 1.2123823181957025, 1.2508095995349766, 1.2890501324513117, 1.3270957377142967, 1.3649381177451332, 1.4025688576057851, 1.4399794262940828, 1.4771611783509213, 1.5141053557853335, 1.550803090322721, 1.5872454059810837, 1.6234232219795564, 1.659327355982982, 1.6949485276856944, 1.7302773627370174, 1.7653043970103264, 1.8000200812168092, 1.8344147858643121, 1.8684788065608853, 1.9022023696618087, 1.9355756382580349, 1.9685887185031143, 2.0012316662747303, 2.0334944941660593, 2.0653671788011794, 2.0968396684677888, 2.1279018910594605, 2.1585437623186587, 2.1887551943706907, 2.2185261045377311, 2.2478464244210015, 2.2767061092381367, 2.3050951474017261, 2.3330035703239691, 2.3604214624313826, 2.3873389713724595, 2.4137463184002197, 2.4396338089106333, 2.4649918431169713, 2.4898109268392643, 2.5140816823872152, 2.5377948595141149, 2.5609413464185993, 2.5835121807703985, 2.60549856073564, 2.6268918559767203, 2.647683618601306, 2.6678655940346614, 2.687429731789174, 2.7063681961047639, 2.724673376433735, 2.7423378977436137, 2.7593546306115568, 2.7757167010841268, 2.7914175002764585, 2.8064506936852274, 2.8208102301903049, 2.8344903507205288, 2.847485596559717, 2.8597908172697828, 2.8714011782087168, 2.8823121676221124, 2.8925196032880001, 2.902019638695851, 2.9108087687418767, 2.9188838349239994, 2.9262420300212808, 2.9328809022440083, 2.9387983588421482, 2.9439926691614389, 2.9484624671379756, 2.9522067532238285, 2.9552248957378451, 2.9575166316375743, 2.9590820667099065, 2.9599216751797828, 2.9600362987380651, 2.9594271449913769, 2.9580957853384362, 2.9560441522791088, 2.9532745361640584, 2.9497895813944934, 2.9455922820831022, 2.9406859771888003, 2.9350743451393466, 2.9287613979573468, 2.921751474906455, 2.9140492356758561, 2.9056596531223056, 2.8965880055900675, 2.8868398688301378, 2.876421107541006, 2.8653378665540696, 2.8535965616875183, 2.8412038702931328, 2.8281667215209625, 2.8144922863272885, 2.8001879672515955, 2.7852613879884958, 2.7697203827807071, 2.7535729856591811, 2.7368274195564704, 2.7194920853192377, 2.7015755506455799, 2.6830865389725478, 2.6640339183388084, 2.6444266902469398, 2.624273978549299, 2.6035850183807945, 2.5823691451611968, 2.5606357836889257, 2.5383944373474199, 2.5156546774444051, 2.4924261327034802, 2.4687184789265242, 2.4445414288445102, 2.4199047221733148, 2.3948181158901454, 2.3692913747451954, 2.3433342620221049, 2.3169565305598159, 2.2901679140473528, 2.2629781186020468, 2.2353968146407217, 2.2074336290523258, 2.1790981376795262, 2.1503998581157866, 2.1213482428235046, 2.0919526725778601, 2.0622224502400952, 2.0321667948630955, 2.0017948361312747, 1.9711156091359525, 1.9401380494866407, 1.9088709887578883, 1.877323150270632, 1.8455031452063304, 1.8134194690514978, 1.7810804983696702, 1.7484944878972746, 1.7156695679593135, 1.6826137422003375, 1.6493348856256809, 1.6158407429475412, 1.5821389272301092, 1.5482369188275813, 1.514142064608615, 1.47986157746048, 1.4454025360659246, 1.4107718849455546, 1.3759764347583525, 1.3410228628527809, 1.3059177140608131, 1.2706674017271054, 1.2352782089654522, 1.1997562901346157, 1.1641076725255752, 1.128338258252211, 1.0924538263374668, 1.0564600349870297, 1.0203624240426041, 0.9841664176068905, 0.94787732683247228, 0.91150035286683195, 0.87504058994584177, 0.83850302862813031, 0.80189255916283209, 0.76521397498332977, 0.72847197631968896, 0.69167117392260558, 0.65481609289179232, 0.61791117660183215, 0.58096079071865958, 0.54396922729991193, 0.50694070897252974, 0.46987939318107586, 0.43278937650035498, 0.39567469900602337, 0.35853934869694548, 0.321387265963196, 0.28422234809364166, 0.24704845381715668, 0.20986940787157771, 0.17268900559459599, 0.13551101753081074, 0.098339194049265721, 0.06117726996581041, 0.02402896916467423, -0.013101990786315909, -0.050211894032434756, -0.087297021846184819, -0.12435364806439342, -0.16137803455377675, -0.19836642671049365, -0.23531504899921263, -0.27222010053723888, -0.30907775072925769, -0.34588413495828618, -0.3826353503384583, -0.41932745153529805, -0.45595644665919544, -0.4925182932378096, -0.52900889427322362, -0.56542409438967844, -0.60175967607779146, -0.63801135604122017, -0.67417478165176714, -0.71024552751900405, -0.74621909218051652, -0.78209089491893913, -0.81785627271199601, -0.85351047732178476, -0.88904867252961406, -0.92446593152270218, -0.95975723443908034, -0.99491746607706588, -1.0299414137756644, -1.0648237654722577, -1.0995591079439251, -1.1341419252386951, -1.1685665973030082, -1.2028273988115838, -1.2369184982058261, -1.2708339569467979, -1.3045677289886957, -1.3381136604785979, -1.3714654896881431, -1.4046168471825746, -1.4375612562324402, -1.4702921334729657, -1.502802789815906, -1.5350864316183994, -1.5671361621130409, -1.5989449831030882, -1.6305057969263306, -1.6618114086908093, -1.692854528785146, -1.7236277756657978, -1.7541236789231212, -1.7843346826276045, -1.814253148957139, -1.8438713621056255, -1.8731815324726693, -1.9021758011334864, -1.9308462445875669, -1.9591848797839306, -1.9871836694202072, -2.0148345275120363, -2.0421293252285917, -2.0690598969893044, -2.0956180468161172, -2.1217955549348391, -2.1475841846184123, -2.1729756892641205, -2.1979618196959887, -2.2225343316828381, -2.2466849936616793, -2.2704055946553536, -2.2936879523725349, -2.3165239214774678, -2.3389054020160618, -2.3608243479842175, -2.3822727760235667, -2.4032427742291098, -2.4237265110525898, -2.4437162442848068, -2.4632043300994981, -2.4821832321408506, -2.5006455306362243, -2.5185839315151872, -2.5359912755155793, -2.552860547256949, -2.5691848842614204, -2.5849575859018143, -2.6001721222566694, -2.6148221428516996, -2.6289014852671819, -2.6424041835908074, -2.6553244766955952, -2.6676568163226824, -2.6793958749489946, -2.6905365534201602, -2.7010739883293855, -2.711003559123486, -2.7203208949177897, -2.7290218810022395, -2.7371026650216779, -2.7445596628140621, -2.7513895638911379, -2.7575893365469684, -2.7631562325806689, -2.7680877916206335, -2.7723818450386268, -2.7760365194431547, -2.7790502397426833, -2.7814217317704228, -2.7831500244636196, -2.7842344515914954, -2.7846746530272686, -2.7844705755609329, -2.7836224732507846, -2.7821309073129576, -2.7799967455495462, -2.7772211613171809, -2.7738056320392133, -2.7697519372659141, -2.7650621562883826, -2.759738665313038, -2.7537841342048006, -2.7472015228082087, -2.7399940768568305, -2.7321653234824206, -2.7237190663362769, -2.7146593803362364, -2.7049906060536575, -2.6947173437555962, -2.6838444471181546, -2.6723770166277472, -2.6603203926876411, -2.6476801484477592, -2.634462082376225, -2.6206722105915912, -2.6063167589750709, -2.5914021550823891, -2.5759350198751045, -2.5599221592914274, -2.5433705556766224, -2.5262873590931552, -2.5086798785306348, -2.4905555730355502, -2.471922042780597, -2.4527870200931545, -2.4331583604621949, -2.4130440335425556, -2.392452114175085, -2.371390773440754, -2.3498682697663105, -2.3278929400985238, -2.3054731911634798, -2.2826174908267927, -2.2593343595699507, -2.2356323620973297, -2.2115200990877399, -2.1870061991036236, -2.1620993106703272, -2.1368080945370975, -2.1111412161306893, -2.0851073382117731, -2.0587151137434558, -2.0319731789805813, -2.0048901467876261, -1.9774746001923011, -1.9497350861811737, -1.921680109742943, -1.8933181281642151, -1.8646575455819727, -1.8357067077961693, -1.8064738973452732, -1.776967328846891, -1.7471951446049543, -1.7171654104843865, -1.6868861120535259, -1.6563651509940795, -1.6256103417777625, -1.5946294086083652, -1.5634299826274143, -1.5320195993811874, -1.5004056965464168, -1.4685956119115451, -1.4365965816101331, -1.4044157386025331, -1.3720601114017272, -1.3395366230388861, -1.3068520902639014, -1.2740132229759551, -1.2410266238789065, -1.2078987883561245, -1.1746361045591671, -1.141244853704575, -1.1077312105729087, -1.0741012442040221, -1.0403609187824925, -1.0065160947070018, -0.97257252983744369, -0.93853588091343365, -0.90441170513791658, -0.87020546191947812, -0.83592251476700508, -0.80156813333032684, -0.76714749558045892, -0.73266569012313365, -0.69812771863926404, -0.66353849844611101, -0.62890286517287119, -0.59422557554453537, -0.55951131026785372, -0.52476467701333451, -0.48999021348727023, -0.45519239058782102, -0.4203756156392453, -0.38554423569848506, -0.35070254092830577, -0.3158547680313033, -0.28100510373915721, -0.2461576883515173, -0.21131661931906809, -0.17648595486525398, -0.14166971764132175, -0.10687189840931044, -0.072096459747696962, -0.037347339774453481, -0.0026284558823261861, 0.03205629151885514, 0.066703015257936649, 0.10130783766138318, 0.13586688682047754, 0.17037629287178735, 0.20483218429598349, 0.2392306842399714, 0.27356790686735533, 0.3078399537422376, 0.34204291025131983, 0.37617284206930623, 0.41022579167260087, 0.44419777490627954, 0.47808477760935997, 0.51188275230335467, 0.54558761494914076, 0.57919524177719328, 0.61270146619619315, 0.64610207578512036, 0.67939280937383106, 0.71256935421727885, 0.74562734326842683, 0.77856235255494699, 0.81136989866484388, 0.84404543634607965, 0.87658435622532682, 0.90898198265091867, 0.941233571665129, 0.97333430911078356, 1.0052793088772978, 1.0370636112911074, 1.0686821816554852, 1.1001299089446279, 1.1314016046568716, 1.1624920018318212, 1.1933957542360707, 1.2241074357221224, 1.2546215397649805, 1.284932479180779, 1.3150345860316834, 1.344922111721135, 1.3745892272833133, 1.4040300238705798, 1.4332385134423822, 1.4622086296589503, 1.4909342289828151, 1.5194090919909771, 1.5476269249002756, 1.5755813613081697, 1.603265964150892, 1.6306742278805748, 1.6577995808626218, 1.6846353879942049, 1.7111749535444103, 1.7374115242161414, 1.763338292429478, 1.7889483998257356, 1.8142349409910414, 1.8391909673977649, 1.8638094915616312, 1.88808349141192, 1.9120059148715454, 1.9355696846433927, 1.9587677031986663, 1.981592857962533, 2.0040380266917746, 2.0260960830385732, 2.0477599022940796, 2.0690223673047816, 2.0898763745541613, 2.1103148404015952, 2.130330707469871, 2.1499169511721474, 2.1690665863687064, 2.1877726741432406, 2.2060283286879736, 2.2238267242863943, 2.2411611023819207, 2.2580247787203307, 2.2744111505534113, 2.2903137038908428, 2.305726020786957, 2.3206417866486833, 2.3350547975506926, 2.3489589675434273, 2.3623483359395197, 2.3752170745638717, 2.3875594949525185, 2.3993700554852753, 2.4106433684371114, 2.4213742069331667, 2.4315575117923016, 2.4411883982442246, 2.4502621625052816, 2.4587742881982004, 2.4667204526012698, 2.4740965327127329, 2.4808986111164453, 2.4871229816352587, 2.4927661547589528, 2.4978248628340305, 2.5022960650031854, 2.5061769518827974, 2.5094649499674047, 2.5121577257507175, 2.5142531895534637, 2.5157494990489964, 2.5166450624783616, 2.5169385415473515, 2.5166288539987631, 2.515715175854031, 2.5141969433191411, 2.5120738543507004, 2.5093458698788487, 2.5060132146846419, 2.5020763779304174, 2.4975361133425666, 2.4923934390470537, 2.4866496370589539, 2.4803062524281101, 2.47336509204401])
