(array([ 0.  ,  0.01,  0.02,  0.03,  0.04,  0.05,  0.06,  0.07,  0.08,
        0.09,  0.1 ,  0.11,  0.12,  0.13,  0.14,  0.15,  0.16,  0.17,
        0.18,  0.19,  0.2 ,  0.21,  0.22,  0.23,  0.24,  0.25,  0.26,
        0.27,  0.28,  0.29,  0.3 ,  0.31,  0.32,  0.33,  0.34,  0.35,
        0.36,  0.37,  0.38,  0.39,  0.4 ,  0.41,  0.42,  0.43,  0.44,
        0.45,  0.46,  0.47,  0.48,  0.49,  0.5 ,  0.51,  0.52,  0.53,
        0.54,  0.55,  0.56,  0.57,  0.58,  0.59,  0.6 ,  0.61,  0.62,
        0.63,  0.64,  0.65,  0.66,  0.67,  0.68,  0.69,  0.7 ,  0.71,
        0.72,  0.73,  0.74,  0.75,  0.76,  0.77,  0.78,  0.79,  0.8 ,
        0.81,  0.82,  0.83,  0.84,  0.85,  0.86,  0.87,  0.88,  0.89,
        0.9 ,  0.91,  0.92,  0.93,  0.94,  0.95,  0.96,  0.97,  0.98,
        0.99,  1.  ,  1.01,  1.02,  1.03,  1.04,  1.05,  1.06,  1.07,
        1.08,  1.09,  1.1 ,  1.11,  1.12,  1.13,  1.14,  1.15,  1.16,
        1.17,  1.18,  1.19,  1.2 ,  1.21,  1.22,  1.23,  1.24,  1.25,
        1.26,  1.27,  1.28,  1.29,  1.3 ,  1.31,  1.32,  1.33,  1.34,
        1.35,  1.36,  1.37,  1.38,  1.39,  1.4 ,  1.41,  1.42,  1.43,
        1.44,  1.45,  1.46,  1.47,  1.48,  1.49,  1.5 ,  1.51,  1.52,
        1.53,  1.54,  1.55,  1.56,  1.57,  1.58,  1.59,  1.6 ,  1.61,
        1.62,  1.63,  1.64,  1.65,  1.66,  1.67,  1.68,  1.69,  1.7 ,
        1.71,  1.72,  1.73,  1.74,  1.75,  1.76,  1.77,  1.78,  1.79,
        1.8 ,  1.81,  1.82,  1.83,  1.84,  1.85,  1.86,  1.87,  1.88,
        1.89,  1.9 ,  1.91,  1.92,  1.93,  1.94,  1.95,  1.96,  1.97,
        1.98,  1.99,  2.  ,  2.01,  2.02,  2.03,  2.04,  2.05,  2.06,
        2.07,  2.08,  2.09,  2.1 ,  2.11,  2.12,  2.13,  2.14,  2.15,
        2.16,  2.17,  2.18,  2.19,  2.2 ,  2.21,  2.22,  2.23,  2.24,
        2.25,  2.26,  2.27,  2.28,  2.29,  2.3 ,  2.31,  2.32,  2.33,
        2.34,  2.35,  2.36,  2.37,  2.38,  2.39,  2.4 ,  2.41,  2.42,
        2.43,  2.44,  2.45,  2.46,  2.47,  2.48,  2.49,  2.5 ,  2.51,
        2.52,  2.53,  2.54,  2.55,  2.56,  2.57,  2.58,  2.59,  2.6 ,
        2.61,  2.62,  2.63,  2.64,  2.65,  2.66,  2.67,  2.68,  2.69,
        2.7 ,  2.71,  2.72,  2.73,  2.74,  2.75,  2.76,  2.77,  2.78,
        2.79,  2.8 ,  2.81,  2.82,  2.83,  2.84,  2.85,  2.86,  2.87,
        2.88,  2.89,  2.9 ,  2.91,  2.92,  2.93,  2.94,  2.95,  2.96,
        2.97,  2.98,  2.99,  3.  ,  3.01,  3.02,  3.03,  3.04,  3.05,
        3.06,  3.07,  3.08,  3.09,  3.1 ,  3.11,  3.12,  3.13,  3.14,
        3.15,  3.16,  3.17,  3.18,  3.19,  3.2 ,  3.21,  3.22,  3.23,
        3.24,  3.25,  3.26,  3.27,  3.28,  3.29,  3.3 ,  3.31,  3.32,
        3.33,  3.34,  3.35,  3.36,  3.37,  3.38,  3.39,  3.4 ,  3.41,
        3.42,  3.43,  3.44,  3.45,  3.46,  3.47,  3.48,  3.49,  3.5 ,
        3.51,  3.52,  3.53,  3.54,  3.55,  3.56,  3.57,  3.58,  3.59,
        3.6 ,  3.61,  3.62,  3.63,  3.64,  3.65,  3.66,  3.67,  3.68,
        3.69,  3.7 ,  3.71,  3.72,  3.73,  3.74,  3.75,  3.76,  3.77,
        3.78,  3.79,  3.8 ,  3.81,  3.82,  3.83,  3.84,  3.85,  3.86,
        3.87,  3.88,  3.89,  3.9 ,  3.91,  3.92,  3.93,  3.94,  3.95,
        3.96,  3.97,  3.98,  3.99,  4.  ,  4.01,  4.02,  4.03,  4.04,
        4.05,  4.06,  4.07,  4.08,  4.09,  4.1 ,  4.11,  4.12,  4.13,
        4.14,  4.15,  4.16,  4.17,  4.18,  4.19,  4.2 ,  4.21,  4.22,
        4.23,  4.24,  4.25,  4.26,  4.27,  4.28,  4.29,  4.3 ,  4.31,
        4.32,  4.33,  4.34,  4.35,  4.36,  4.37,  4.38,  4.39,  4.4 ,
        4.41,  4.42,  4.43,  4.44,  4.45,  4.46,  4.47,  4.48,  4.49,
        4.5 ,  4.51,  4.52,  4.53,  4.54,  4.55,  4.56,  4.57,  4.58,
        4.59,  4.6 ,  4.61,  4.62,  4.63,  4.64,  4.65,  4.66,  4.67,
        4.68,  4.69,  4.7 ,  4.71,  4.72,  4.73,  4.74,  4.75,  4.76,
        4.77,  4.78,  4.79,  4.8 ,  4.81,  4.82,  4.83,  4.84,  4.85,
        4.86,  4.87,  4.88,  4.89,  4.9 ,  4.91,  4.92,  4.93,  4.94,
        4.95,  4.96,  4.97,  4.98,  4.99,  5.  ,  5.01,  5.02,  5.03,
        5.04,  5.05,  5.06,  5.07,  5.08,  5.09,  5.1 ,  5.11,  5.12,
        5.13,  5.14,  5.15,  5.16,  5.17,  5.18,  5.19,  5.2 ,  5.21,
        5.22,  5.23,  5.24,  5.25,  5.26,  5.27,  5.28,  5.29,  5.3 ,
        5.31,  5.32,  5.33,  5.34,  5.35,  5.36,  5.37,  5.38,  5.39,
        5.4 ,  5.41,  5.42,  5.43,  5.44,  5.45,  5.46,  5.47,  5.48,
        5.49,  5.5 ,  5.51,  5.52,  5.53,  5.54,  5.55,  5.56,  5.57,
        5.58,  5.59,  5.6 ,  5.61,  5.62,  5.63,  5.64,  5.65,  5.66,
        5.67,  5.68,  5.69,  5.7 ,  5.71,  5.72,  5.73,  5.74,  5.75,
        5.76,  5.77,  5.78,  5.79,  5.8 ,  5.81,  5.82,  5.83,  5.84,
        5.85,  5.86,  5.87,  5.88,  5.89,  5.9 ,  5.91,  5.92,  5.93,
        5.94,  5.95,  5.96,  5.97,  5.98,  5.99,  6.  ,  6.01,  6.02,
        6.03,  6.04,  6.05,  6.06,  6.07,  6.08,  6.09,  6.1 ,  6.11,
        6.12,  6.13,  6.14,  6.15,  6.16,  6.17,  6.18,  6.19,  6.2 ,
        6.21,  6.22,  6.23,  6.24,  6.25,  6.26,  6.27,  6.28,  6.29,
        6.3 ,  6.31,  6.32,  6.33,  6.34,  6.35,  6.36,  6.37,  6.38,
        6.39,  6.4 ,  6.41,  6.42,  6.43,  6.44,  6.45,  6.46,  6.47,
        6.48,  6.49,  6.5 ,  6.51,  6.52,  6.53,  6.54,  6.55,  6.56,
        6.57,  6.58,  6.59,  6.6 ,  6.61,  6.62,  6.63,  6.64,  6.65,
        6.66,  6.67,  6.68,  6.69,  6.7 ,  6.71,  6.72,  6.73,  6.74,
        6.75,  6.76,  6.77,  6.78,  6.79,  6.8 ,  6.81,  6.82,  6.83,
        6.84,  6.85,  6.86,  6.87,  6.88,  6.89,  6.9 ,  6.91,  6.92,
        6.93,  6.94,  6.95,  6.96,  6.97,  6.98,  6.99,  7.  ,  7.01,
        7.02,  7.03,  7.04,  7.05,  7.06,  7.07,  7.08,  7.09,  7.1 ,
        7.11,  7.12,  7.13,  7.14,  7.15,  7.16,  7.17,  7.18,  7.19,
        7.2 ,  7.21,  7.22,  7.23,  7.24,  7.25,  7.26,  7.27,  7.28,
        7.29,  7.3 ,  7.31,  7.32,  7.33,  7.34,  7.35,  7.36,  7.37,
        7.38,  7.39,  7.4 ,  7.41,  7.42,  7.43,  7.44,  7.45,  7.46,
        7.47,  7.48,  7.49,  7.5 ,  7.51,  7.52,  7.53,  7.54,  7.55,
        7.56,  7.57,  7.58,  7.59,  7.6 ,  7.61,  7.62,  7.63,  7.64,
        7.65,  7.66,  7.67,  7.68,  7.69,  7.7 ,  7.71,  7.72,  7.73,
        7.74,  7.75,  7.76,  7.77,  7.78,  7.79,  7.8 ,  7.81,  7.82,
        7.83,  7.84,  7.85,  7.86,  7.87,  7.88,  7.89,  7.9 ,  7.91,
        7.92,  7.93,  7.94,  7.95,  7.96,  7.97,  7.98,  7.99,  8.  ,
        8.01,  8.02,  8.03,  8.04,  8.05,  8.06,  8.07,  8.08,  8.09,
        8.1 ,  8.11,  8.12,  8.13,  8.14,  8.15,  8.16,  8.17,  8.18,
        8.19,  8.2 ,  8.21,  8.22,  8.23,  8.24,  8.25,  8.26,  8.27,
        8.28,  8.29,  8.3 ,  8.31,  8.32,  8.33,  8.34,  8.35,  8.36,
        8.37,  8.38,  8.39,  8.4 ,  8.41,  8.42,  8.43,  8.44,  8.45,
        8.46,  8.47,  8.48,  8.49,  8.5 ,  8.51,  8.52,  8.53,  8.54,
        8.55,  8.56,  8.57,  8.58,  8.59,  8.6 ,  8.61,  8.62,  8.63,
        8.64,  8.65,  8.66,  8.67,  8.68,  8.69,  8.7 ,  8.71,  8.72,
        8.73,  8.74,  8.75,  8.76,  8.77,  8.78,  8.79,  8.8 ,  8.81,
        8.82,  8.83,  8.84,  8.85,  8.86,  8.87,  8.88,  8.89,  8.9 ,
        8.91,  8.92,  8.93,  8.94,  8.95,  8.96,  8.97,  8.98,  8.99,
        9.  ,  9.01,  9.02,  9.03,  9.04,  9.05,  9.06,  9.07,  9.08,
        9.09,  9.1 ,  9.11,  9.12,  9.13,  9.14,  9.15,  9.16,  9.17,
        9.18,  9.19,  9.2 ,  9.21,  9.22,  9.23,  9.24,  9.25,  9.26,
        9.27,  9.28,  9.29,  9.3 ,  9.31,  9.32,  9.33,  9.34,  9.35,
        9.36,  9.37,  9.38,  9.39,  9.4 ,  9.41,  9.42,  9.43,  9.44,
        9.45,  9.46,  9.47,  9.48,  9.49,  9.5 ,  9.51,  9.52,  9.53,
        9.54,  9.55,  9.56,  9.57,  9.58,  9.59,  9.6 ,  9.61,  9.62,
        9.63,  9.64,  9.65,  9.66,  9.67,  9.68,  9.69,  9.7 ,  9.71,
        9.72,  9.73,  9.74,  9.75,  9.76,  9.77,  9.78,  9.79,  9.8 ,
        9.81,  9.82,  9.83,  9.84,  9.85,  9.86,  9.87,  9.88,  9.89,
        9.9 ,  9.91,  9.92,  9.93,  9.94,  9.95,  9.96,  9.97,  9.98,  9.99]), [2.0, 2.0000996691500621, 2.0003973730016211, 2.0008912000668575, 2.0015792964934414, 2.002459864906101, 2.0035311632654662, 2.0047915037444888, 2.0062392516226786, 2.0078728241983468, 2.0096906897189912, 2.0116913663299174, 2.0138734210411449, 2.0162354687126114, 2.018776171057648, 2.0214942356646675, 2.0243884150369826, 2.0274575056506361, 2.0307003470301002, 2.0341158208416914, 2.0377028500045067, 2.0414603978186885, 2.0453874671107926, 2.0494830993960291, 2.053746374057126, 2.0581764075395581, 2.0627723525628663, 2.0675333973477907, 2.0724587648589265, 2.0775477120626054, 2.0827995291997015, 2.0882135390730507, 2.0937890963491745, 2.0995255868739844, 2.1054224270021527, 2.1114790629398232, 2.117694970100338, 2.1240696524726501, 2.1306026420021, 2.1372934979832219, 2.144141806464253, 2.1511471796630195, 2.1583092553938652, 2.1656276965053003, 2.173102190328041, 2.180732448133115, 2.188518204599708, 2.1964592172924284, 2.2045552661476679, 2.2128061529687404, 2.2212117009294796, 2.2297717540859785, 2.2384861768961581, 2.2473548537468528, 2.2563776884881008, 2.2655546039743308, 2.2748855416121425, 2.284370460914368, 2.2940093390601213, 2.3038021704605258, 2.313748966329825, 2.3238497542615786, 2.3341045778096472, 2.3445134960736693, 2.3550765832887381, 2.3657939284189902, 2.376665634754807, 2.3876918195133463, 2.3988726134421126, 2.4102081604252761, 2.4216986170924559, 2.4333441524296795, 2.44514494739223, 2.457101194519097, 2.469213097548745, 2.48148087103591, 2.4939047399691421, 2.5064849393888009, 2.5192217140052224, 2.532115317816765, 2.545166013727445, 2.5583740731638724, 2.5717397756911966, 2.5852634086277626, 2.5989452666581903, 2.6127856514445744, 2.6267848712355066, 2.640943240472621, 2.6552610793943558, 2.6697387136366277, 2.6843764738301048, 2.6991746951937721, 2.7141337171244655, 2.7292538827820616, 2.7445355386699961, 2.7599790342107835, 2.7755847213162093, 2.7913529539518529, 2.8072840876956078, 2.8233784792898455, 2.8396364861868788, 2.856058466087362, 2.8726447764712719, 2.8893957741210965, 2.9063118146368585, 2.9233932519425956, 2.9406404377839057, 2.9580537212161651, 2.9756334480830198, 2.9933799604847353, 3.0112935962359941, 3.0293746883127115, 3.0476235642874387, 3.066040545752911, 3.0846259477332878, 3.1033800780826293, 3.1223032368701351, 3.141395715751671, 3.160657797327088, 3.1800897544828413, 3.199691849719394, 3.219464334462887, 3.239407448360542, 3.2595214185592525, 3.2798064589668123, 3.3002627694952071, 3.3208905352853959, 3.3416899259129846, 3.3626610945741899, 3.3838041772514744, 3.4051192918582194, 3.4266065373617911, 3.4482659928843424, 3.4700977167806721, 3.4921017456924592, 3.5142780935781635, 3.5366267507178808, 3.5591476826924162, 3.5818408293358281, 3.6047061036606824, 3.627743390755235, 3.6509525466517498, 3.6743333971651437, 3.6978857367011289, 3.7216093270330139, 3.7455038960463058, 3.7695691364502393, 3.7938047044553436, 3.8182102184161426, 3.8427852574380701, 3.8675293599476626, 3.8924420222250791, 3.9175226968979855, 3.9427707913958225, 3.9681856663634649, 3.993766634033264, 4.0195129565544594, 4.0454238442789219, 4.0714984540021932, 4.097735887158767, 4.1241351879705466, 4.1506953415474168, 4.1774152719388491, 4.2042938401354615, 4.2313298420194432, 4.2585220062627629, 4.2858689921720678, 4.3133693874791916, 4.3410217060761855, 4.3688243856938014, 4.3967757855223581, 4.4248741837739383, 4.4531177751848769, 4.4815046684575233, 4.5100328836402772, 4.5387003494449303, 4.5675049005003725, 4.5964442745417591, 4.6255161095342743, 4.6547179407306798, 4.6840471976618732, 4.7135012010597572, 4.7430771597117767, 4.7727721672465524, 4.8025831988501198, 4.8325071079123791, 4.8625406226034471, 4.8926803423797098, 4.9229227344195108, 4.9532641299885034, 4.9837007207348654, 5.0142285549147108, 5.0448435335481996, 5.075541406507023, 5.1063177685341392, 5.1371680551968337, 5.168087538774417, 5.1990713240820901, 5.2301143442327964, 5.2612113563391336, 5.2923569371577059, 5.3235454786786267, 5.3547711836632041, 5.3860280611332296, 5.417309921815658, 5.4486103735469067, 5.4799228166414231, 5.5112404392296526, 5.5425562125710348, 5.5738628863481932, 5.6051529839490293, 5.636418797744045, 5.6676523843668312, 5.6988455600063306, 5.7299898957201787, 5.7610767127791584, 5.7920970780535868, 5.8230417994532493, 5.8539014214333553, 5.8846662205798808, 5.9153262012885772, 5.9458710915529149, 5.9762903388772246, 6.006573106332346, 6.0367082687721929, 6.0666844092307555, 6.0964898155202309, 6.1261124770521693, 6.1555400819047446, 6.184760014160533, 6.2137593515404737, 6.2425248633609751, 6.2710430088425042, 6.2992999357993131, 6.3272814797413348, 6.3549731634206461, 6.3823601968562524, 6.4094274778723053, 6.4361595931862015, 6.4625408200843086, 6.4885551287243421, 6.5141861851046272, 6.539417354741631, 6.5642317070982337, 6.5886120208061909, 6.6125407897271078, 6.6360002298970109, 6.6589722874002062, 6.6814386472185507, 6.7033807431025378, 6.7247797685106478, 6.7456166886632394, 6.7658722537568359, 6.7855270133839589, 6.8045613322026526, 6.8229554068985134, 6.8406892844803453, 6.8577428819484965, 6.8740960073724455, 6.8897283824112989, 6.9046196663074841, 6.9187494813800647, 6.9320974400397253, 6.9446431733426035, 6.9563663610946698, 6.9672467635123656, 6.977264254438623, 6.9863988561061978, 6.9946307754325057, 7.0019404418217785, 7.0083085464414232, 7.0137160829299559, 7.018144389483818, 7.0215751922597942, 7.023990650018666, 7.0253733999242263, 7.0257066043998417, 7.0249739989325155, 7.0231599407018912, 7.0202494578989461, 7.0162282995863663, 7.0110829859398303, 7.0048008586968074, 6.9973701316271075, 6.9887799408274178, 6.9790203946305791, 6.9680826229095469, 6.9559588255459674, 6.9426423198242562, 6.9281275865041483, 6.9124103143180395, 6.8954874426342334, 6.8773572020235818, 6.8580191524651086, 6.8374742189261779, 6.8157247240547374, 6.7927744177252132, 6.7686285031859201, 6.7432936595643556, 6.7167780604976119, 6.6890913886683343, 6.6602448460422101, 6.6302511596208404, 6.5991245825439941, 6.5668808903975444, 6.5335373726077801, 6.499112818829043, 6.4636275002596575, 6.4271031458506238, 6.3895629134023295, 6.3510313555763167, 6.3115343808816391, 6.2710992097282476, 6.2297543256728121, 6.1875294220151131, 6.1444553439352436, 6.1005640263930223, 6.0558884280409035, 6.0104624614298912, 5.9643209198142904, 5.9174994008851662, 5.8700342277839246, 5.8219623677661874, 5.7733213489019359, 5.7241491752105089, 5.6744842406383817, 5.6243652422935932, 5.5738310933531778, 5.5229208360590114, 5.4716735552130951, 5.4201282925755949, 5.368323962558021, 5.3162992695899334, 5.2640926275207081, 5.2117420813983939, 5.159285231945816, 5.1067591630300964, 5.054200372395969, 5.0016447059059921, 4.9491272955022936, 4.8966825010751869, 4.8443438563941603, 4.7921440192267086, 4.7401147257405203, 4.688286749255, 4.6366898633792077, 4.5853528095453324, 4.5343032689199996, 4.4835678386502469, 4.4331720123770655, 4.3831401649271546, 4.3334955410730727, 4.2842602482334238, 4.2354552529681113, 4.1871003811090821, 4.1392143213544177, 4.0918146321430164, 4.0449177516185104, 3.9985390104843619, 3.9526926475472157, 3.9073918277425217, 3.8626486624349994, 3.8184742317866709, 3.7748786089867643, 3.7318708861406913, 3.689459201619405, 3.6476507686756041, 3.6064519051393602, 3.5658680640126517, 3.5259038647899001, 3.4865631253397757, 3.4478488941921586, 3.4097634830831223, 3.3723084996200114, 3.3354848799380554, 3.2992929212293731, 3.263732314034633, 3.2288021741969466, 3.1945010743867277, 3.1608270751152041, 3.1277777551629562, 3.0953502413582505, 3.0635412376479922, 3.0323470534118218, 3.0017636309771865, 2.9717865723001449, 2.9424111647831546, 2.9136324062071925, 2.8854450287612261, 2.8578435221573062, 2.8308221558244044, 2.8043750001785543, 2.7784959469709074, 2.7531787287189862, 2.7284169372297211, 2.7042040412258115, 2.6805334030895684, 2.6573982947407098, 2.6347919126665738, 2.6127073921249528, 2.5911378205412041, 2.5700762501225207, 2.5495157097132348, 2.5294492159158142, 2.5098697835028045, 2.4907704351453908, 2.4721442104845086, 2.4539841745705524, 2.4362834256977202, 2.4190351026588925, 2.4022323914467258, 2.3858685314263055, 2.3699368210043077, 2.3544306228191494, 2.3393433684760656, 2.3246685628504875, 2.3103997879824587, 2.2965307065841785, 2.2830550651820776, 2.2699666969141221, 2.2572595240023254, 2.2449275599197227, 2.2329649112703174, 2.221365779399783, 2.2101244617539662, 2.1992353530015056, 2.1886929459361713, 2.1784918321738083, 2.1686267026580852, 2.1590923479885604, 2.1498836585839123, 2.1409956246925437, 2.1324233362621325, 2.1241619826790941, 2.1162068523883359, 2.1085533324031145, 2.1011969077142552, 2.0941331606074698, 2.0873577698970025, 2.0808665100833483, 2.0746552504423215, 2.0687199540523089, 2.0630566767661205, 2.0576615661334374, 2.0525308602794818, 2.0476608867451569, 2.0430480612935606, 2.0386888866874457, 2.0345799514418812, 2.030717928556073, 2.0270995742280231, 2.0237217265554337, 2.020581304226015, 2.0176753052001164, 2.0150008053883726, 2.01255495732685, 2.0103349888519748, 2.0083382017773412, 2.0065619705743156, 2.0050037410581911, 2.0036610290814938, 2.0025314192358894, 2.0016125635640099, 2.0009021802823836, 2.0003980525165437, 2.0000980270492672, 2.0000000130827997, 2.0001019810158205, 2.000401961235815, 2.000898042927433, 2.0015883728973343, 2.002471154415955, 2.0035446460765529, 2.0048071606718323, 2.0062570640883868, 2.007892774219151, 2.0097127598939974, 2.0117155398285678, 2.0138996815913903, 2.0162638005892966, 2.0188065590711042, 2.0215266651495201, 2.0244228718411632, 2.0274939761246036, 2.030738818016268, 2.0341562796640571, 2.0377452844584836, 2.0415047961611359, 2.0454338180502418, 2.0495313920831042, 2.0537965980751545, 2.0582285528953683, 2.0628264096777702, 2.0675893570487469, 2.0725166183698813, 2.0776074509960076, 2.0828611455481885, 2.0882770252013008, 2.0938544449859222, 2.0995927911041972, 2.1054914802593623, 2.1115499589986095, 2.1177677030689606, 2.124144216785826, 2.1306790324139211, 2.1373717095602101, 2.1442218345785484, 2.1512290199856974, 2.1583929038883798, 2.16571314942105, 2.173189444194052, 2.1808214997518385, 2.1886090510409284, 2.1965518558872787, 2.2046496944827489, 2.212902368880338, 2.2213097024978783, 2.2298715396298681, 2.2385877449671283, 2.2474582031239727, 2.25648281817258, 2.2656615131842592, 2.2749942297773025, 2.2844809276711193, 2.2941215842463527, 2.3039161941106698, 2.3138647686699345, 2.3239673357044599, 2.3342239389500454, 2.3446346376835057, 2.3551995063123936, 2.365918633968632, 2.3767921241057555, 2.3878200940994794, 2.3990026748513023, 2.4103400103948558, 2.4218322575047151, 2.4334795853073805, 2.4452821748941456, 2.4572402189355653, 2.4693539212972371, 2.4816234966566091, 2.4940491701205274, 2.5066311768432374, 2.5193697616445494, 2.5322651786278816, 2.5453176907978898, 2.5585275696773944, 2.5718950949233101, 2.5854205539412884, 2.5991042414987748, 2.6129464593361864, 2.6269475157759072, 2.6411077253288027, 2.6554274082979483, 2.6699068903792642, 2.6845465022587507, 2.6993465792060052, 2.714307460663711, 2.7294294898327731, 2.7447130132527815, 2.760158380377471, 2.7757659431448491, 2.7915360555416542, 2.8074690731617999, 2.8235653527584681, 2.8398252517894895, 2.8562491279556625, 2.8728373387316446, 2.8895902408890488, 2.9065081900113725, 2.9235915400003751, 2.9408406425735181, 2.9582558467520736, 2.9758374983395006, 2.9935859393896753, 3.0115015076645641, 3.0295845360809102, 3.0478353521455022, 3.0662542773785826, 3.0848416267249434, 3.1035977079522521, 3.1225228210361351, 3.141617257531542, 3.1608812999299003, 3.1803152210015586, 3.1999192831230134, 3.2196937375883934, 3.239638823904671, 3.2597547690700579, 3.2800417868350271, 3.3005000769453958, 3.3211298243668885, 3.3419311984905873, 3.3629043523186635, 3.3840494216297747, 3.4053665241234921, 3.4268557585431125, 3.4485172037761993, 3.4703509179321737, 3.4923569373962695, 3.514535275859151, 3.5368859233214738, 3.5594088450726549, 3.5821039806431076, 3.6049712427291749, 3.6280105160899825, 3.6512216564154207, 3.6746044891644392, 3.6981588083728338, 3.7218843754296804, 3.74578091782156, 3.7698481278437002, 3.7940856612771441, 3.8184931360310443, 3.8430701307491577, 3.8678161833796079, 3.8927307897069658, 3.9178134018456818, 3.9430634266938895, 3.9684802243465902, 3.994063106467209, 4.0198113346165076, 4.0457241185378177, 4.0718006143975574, 4.0980399229799769, 4.1244410878350708, 4.1510030933785895, 4.1777248629430712, 4.2046052567788195, 4.2316430700037291, 4.2588370305008869, 4.2861857967628456, 4.3136879556815009, 4.3413420202824717, 4.3691464274029261, 4.3970995353117743, 4.4251996212711839, 4.4534448790383712, 4.4818334163066558, 4.5103632520847778, 4.5390323140135092, 4.5678384356186212, 4.5967793534992998, 4.6258527044511499, 4.655056022522972, 4.6843867360065437, 4.713842164358705, 4.7434195150550993, 4.7731158803750109, 4.8029282341167985, 4.8328534282435376, 4.8628881894585581, 4.8930291157106902, 4.9232726726291336, 4.9536151898880023, 4.9840528575007292, 5.0145817220446753, 5.0451976828164398, 5.07589648791856, 5.1066737302784686, 5.1375248436007928, 5.1684450982543035, 5.1994295970950546, 5.2304732712275301, 5.2615708757058757, 5.2927169851776039, 5.3239059894724763, 5.3551320891396141, 5.3863892909362452, 5.4176714032718962, 5.4489720316122483, 5.4802845738473227, 5.511602215629126, 5.542917925684395, 5.5742244511086048, 5.6055143126479674, 5.6367797999767406, 5.6680129669778045, 5.6992056270351137, 5.7303493483473371, 5.7614354492727369, 5.7924549937161007, 5.8233987865693706, 5.8542573692184359, 5.885021015129472, 5.9156797255291229, 5.9462232251937941, 5.976640958364337, 6.0069220848034535, 6.0370554760142294, 6.0670297116393392, 6.0968330760616283, 6.1264535552279638, 6.1558788337194903, 6.185096292092684, 6.2140930045168838, 6.2428557367352981, 6.2713709443778232, 6.29962477165535, 6.3276030504666112, 6.3552912999499718, 6.3826747265139421, 6.4097382243815382, 6.4364663766849475, 6.4628434571482725, 6.4888534323973772, 6.5144799649370935, 6.5397064168371788, 6.5645158541695148, 6.5888910522399984, 6.612814501659467, 6.6362684152987423, 6.6592347361734907, 6.6816951463050351, 6.7036310766035152, 6.7250237178198491, 6.7458540326127681, 6.7661027687767747, 6.7857504736761589, 6.8047775099292167, 6.8231640723854499, 6.8408902064368631, 6.8579358277023728, 6.8742807431218775, 6.8899046734936089, 6.9047872774850028, 6.9189081771434733, 6.9322469849290913, 6.944783332286268, 6.9564968997660941, 6.9673674487049624, 6.9773748544585219, 6.9864991411828088, 6.994720518146651, 7.0020194175510566, 7.0083765338223767, 7.0137728643364872, 7.0181897515211835, 7.0216089262733847, 7.0240125526166457, 7.0253832735129702, 7.0257042577309718, 7.0249592476601874, 7.0231326079488472, 7.0202093748296948, 7.0161753059857048, 7.0110169307947752, 7.0047216007798658, 6.997277540078664, 6.988673895734884, 6.978900787601833, 6.9679493576380507, 6.9558118183648556, 6.9424815002465827, 6.9279528977463931, 6.9122217138039197, 6.8952849024757974, 6.8771407094765395, 6.8577887103553428, 6.8372298460443881, 6.8154664555162006, 6.7925023052917144, 6.768342615546981, 6.7429940825750085, 6.7164648973701002, 6.6887647601152898, 6.6599048903690532, 6.6298980327653645, 6.598758458061341, 6.5665019593890532, 6.533145843592477, 6.4987089175568604, 6.4632114694658016, 6.4266752449508564, 6.3891234181292909, 6.3505805575573966, 6.311072587159269, 6.2706267422238806, 6.2292715205962272, 6.187036629221061, 6.1439529262298143, 6.1000523587924746, 6.0553678969860192, 6.0099334639592472, 5.9637838627001267, 5.916954699735788, 5.8694823061168115, 5.8214036560561908, 5.7727562836091, 5.7235781977921762, 5.6739077965503437, 5.6237837799850841, 5.573245063260523, 5.5223306896027102, 5.4710797438030472, 5.4195312666290727, 5.3677241705348431, 5.3156971570491169, 5.2634886362026689, 5.2111366483365194, 5.1586787886109766, 5.1061521345113645, 5.0535931766205175, 5.0010377529008103, 4.9485209867000357, 4.8960772286661154, 4.843740002725812, 4.791541956252547, 4.7395148145185155, 4.6876893394967194, 4.6360952930496842, 4.5847614045136567, 4.5337153426602779, 4.4829836919922839, 4.4325919333058676, 4.38256442843009, 4.3329244090333159, 4.2836939693680973, 4.2348940628093583, 4.1865445020261545, 4.1386639626147197, 4.0912699900099447, 4.0443790094838343, 3.9980063390328193, 3.9521662049509692, 3.9068717598830749, 3.8621351031501807, 3.8179673031402945, 3.774378421558608, 3.7313775393344693, 3.6889727839864683, 3.647171358252169, 3.6059795697951365, 3.5654028618088289, 3.5254458443445436, 3.486112326198775, 3.4474053472039801, 3.4093272107757184, 3.3718795165783488, 3.3350631931808294, 3.2988785305835906, 3.2633252125068481, 3.2284023483400439, 3.1941085046612518, 3.1604417362443358, 3.1273996164803335, 3.0949792671479299, 3.0631773874759358, 3.0319902824483789, 3.0014138903101295, 2.9714438092378854, 2.9420753231478471, 2.9133034266174986, 2.8851228489045706, 2.857528077051525, 2.830513378068725, 2.8040728201939089, 2.7782002932296184, 2.7528895279639061, 2.7281341146829425, 2.703927520787095, 2.680263107524671, 2.657134145859811, 2.6345338314930271, 2.6124552990546026, 2.5908916354925271, 2.5698358926778617, 2.5492810992514174, 2.5292202717364165, 2.5096464249423933, 2.4905525816860115, 2.4719317818547335, 2.4537770908393877, 2.43608160736167, 2.4188384707224819, 2.4020408674967744, 2.3856820377002421, 2.3697552804528152, 2.3542539591634148, 2.3391715062599125, 2.3245014274876548, 2.3102373057992853, 2.2963728048579477, 2.282901672175258, 2.2698177419047467, 2.2571149373107326, 2.2447872729318767, 2.2328288564579175, 2.2212338903373658, 2.2099966731331886, 2.1991116006427975, 2.1885731667979305, 2.1783759643593088, 2.1685146854202557, 2.1589841217327859, 2.1497791648690066, 2.1408948062300257, 2.1323261369139384, 2.1240683474538486, 2.1161167274363009, 2.1084666650099204, 2.1011136462935234, 2.0940532546924224, 2.0872811701311518, 2.0807931682103522, 2.074585119295087, 2.0686529875414195, 2.062992829867659, 2.0576007948762727, 2.0524731217320804, 2.0476061390019793, 2.0429962634610956, 2.0386399988699364, 2.0345339347267855, 2.0306747449993074, 2.0270591868390286, 2.023684099282101, 2.0205464019395052, 2.0176430936796086, 2.0149712513057692, 2.0125280282314666, 2.0103106531552415, 2.0083164287375359, 2.0065427302813506, 2.0049870044184761, 2.0036467678028886, 2.0025196058127643, 2.0016031712624271, 2.0008951831254151, 2.000393425269734, 2.0000957452062527, 2.0000000528510964, 2.0001043193027841, 2.0004065756347829, 2.0009049117040538, 2.0015974749760916, 2.0024824693668881, 2.003558154102179, 2.004822842594272, 2.0062749013366994, 2.0079127488168766, 2.00973485444691, 2.0117397375126389, 2.0139259661409654, 2.0162921562854796, 2.0188369707303577, 2.0215591181124699, 2.0244573519616162, 2.0275304697587706, 2.030777312012193, 2.0341967613512488, 2.0377877416377501, 2.0415492170946168, 2.0454801914516376, 2.0495797071080979, 2.0538468443120244, 2.0582807203557882, 2.0628804887877941, 2.0676453386399745, 2.0725744936708006, 2.077667211623512, 2.0829227834992636, 2.0883405328448807, 2.0939198150549059, 2.0996600166876265, 2.1055605547947551, 2.1116208762644462, 2.1178404571773166, 2.1242188021751516, 2.1307554438419603, 2.137449942097057, 2.1443018835998369, 2.1513108811659207, 2.1584765731943345, 2.1657986231054029, 2.1732767187890247, 2.1809105720630071, 2.1886999181411322, 2.1966445151106373, 2.2047441434187811, 2.2129986053681816, 2.221407724620605, 2.2299713457088903, 2.2386893335566955, 2.2475615730057514, 2.2565879683503161, 2.2657684428785174, 2.275102938420281, 2.2845914149015352, 2.2942338499043933, 2.3040302382330093, 2.3139805914848108, 2.3240849376268078, 2.3343433205766835, 2.3447557997883735, 2.3553224498418364, 2.3660433600367274, 2.3769186339896811, 2.3879483892349169], [2.0, 1.9800999966957085, 1.9603999475664973, 1.9408997367909255, 1.9215991751421693, 1.9024980031533032, 1.8835958941914175, 1.8648924574422503, 1.8463872408070436, 1.8280797337133523, 1.8099693698415527, 1.7920555297688097, 1.7743375435322661, 1.7568146931132258, 1.7394862148441002, 1.7223513017398837, 1.7054091057559222, 1.6886587399737216, 1.6720992807165438, 1.655729769596511, 1.6395492154949367, 1.6235565964775731, 1.6077508616464538, 1.5921309329299871, 1.5766957068129326, 1.5614440560078726, 1.546374831069768, 1.5314868619551576, 1.5167789595275414, 1.5022499170104584, 1.4878985113897427, 1.4737235047664188, 1.4597236456616629, 1.4458976702752373, 1.4322443036987709, 1.4187622610852348, 1.4054502487759328, 1.3923069653862976, 1.3793311028517596, 1.3665213474349227, 1.353876380695257, 1.3413948804224913, 1.3290755215348593, 1.3169169769433271, 1.3049179183829056, 1.2930770172121218, 1.2813929451816983, 1.2698643751734686, 1.2584899819105222, 1.2472684426395586, 1.2361984377863999, 1.2252786515855865, 1.2145077726849607, 1.2038844947261205, 1.1934075169015981, 1.1830755444896017, 1.1728872893671349, 1.162841470502286, 1.1529368144264625, 1.1431720556873215, 1.1335459372831318, 1.1240572110792786, 1.1147046382076107, 1.1054869894493047, 1.0964030456019072, 1.0874515978311967, 1.0786314480084929, 1.0699414090340196, 1.0613803051469197, 1.052946972222496, 1.0446402580572434, 1.0364590226422212, 1.0284021384253006, 1.0204684905628061, 1.0126569771610634, 1.0049665095083435, 0.99739601229769037, 0.98994442384109982, 0.98261069627551068, 0.97539379576105523, 0.96829270267200662, 0.9613064117808503, 0.95443393243589558, 0.94767428873283543, 0.94102651968065165, 0.93448967936225458, 0.92806283709023807, 0.9217450775581213, 0.91553550098744207, 0.90943322327105847, 0.90343737611300734, 0.89754710716526398, 0.89176158016173734, 0.88607997504983116, 0.88050148811989504, 0.87502533213288336, 0.8696507364465349, 0.86437694714038027, 0.85920322713988129, 0.85412885633999969, 0.84915313172849005, 0.84427536750920673, 0.83949489522571141, 0.83481106388546544, 0.83022324008488524, 0.82573080813554001, 0.82133317019176399, 0.81702974637995773, 0.81281997492984615, 0.80870331230796266, 0.80467923335362557, 0.8007472314176709, 0.79690681850420597, 0.79315752541564577, 0.78949890190129435, 0.78593051680973169, 0.78245195824526748, 0.77906283372872154, 0.77576277036279229, 0.77255141500227265, 0.76942843442937581, 0.7663935155344308, 0.76344636550221179, 0.76058671200416195, 0.75781430339677835, 0.75512890892642082, 0.75253031894081235, 0.7500183451074991, 0.74759282063953836, 0.74525360052868628, 0.74300056178635754, 0.74083360369263207, 0.73875264805358454, 0.73675763946721584, 0.73484854559826629, 0.73302535746219299, 0.73128808971859682, 0.72963678097438411, 0.72807149409695338, 0.72659231653769629, 0.72519936066610635, 0.72389276411478987, 0.72267269013567514, 0.72153932796771802, 0.72049289321640331, 0.71953362824534339, 0.71866180258027501, 0.717877713325758, 0.71718168559487872, 0.71657407295226228, 0.71605525787069679, 0.71562565220167285, 0.7152856976601405, 0.71503586632378335, 0.71487666114710957, 0.71480861649065464, 0.71483229866558862, 0.71494830649401608, 0.71515727188525224, 0.71545986042835275, 0.71585677200116704, 0.71634874139617921, 0.71693653896338838, 0.7176209712704732, 0.71840288178047096, 0.71928315154718958, 0.72026269992855618, 0.72134248531808842, 0.7225235058946573, 0.72380680039068857, 0.72519344887892845, 0.72668457357787319, 0.72828133967593489, 0.72998495617438608, 0.73179667674909243, 0.73371780063100545, 0.73574967350534981, 0.73789368842939462, 0.74015128676865261, 0.74252395915129921, 0.745013246440549, 0.74762074072466722, 0.75034808632422834, 0.75319698081616493, 0.75616917607407386, 0.75926647932416569, 0.76249075421615597, 0.76584392190830131, 0.76932796216568422, 0.77294491447073999, 0.77669687914490393, 0.78058601848013009, 0.78461455787890233, 0.78878478700121291, 0.79309906091683191, 0.79755980126102899, 0.80216949739173427, 0.80693070754594021, 0.81184605999295023, 0.81691825418187047, 0.82215006188051787, 0.82754432830268354, 0.83310397322043972, 0.8388319920579137, 0.84473145696267227, 0.85080551785056535, 0.85705740341956349, 0.86349042212779648, 0.87010796313065175, 0.87691349717142741, 0.88391057741965195, 0.89110284025077779, 0.89849400596053841, 0.90608787940681224, 0.91388835057138096, 0.92189939503348395, 0.93012507434657166, 0.93856953630913931, 0.94723701511997949, 0.95613183140763247, 0.96525839212323228, 0.97462119028534733, 0.98422480456479833, 0.99407389869680263, 1.0041732207071452, 1.0145276019384135, 1.0251419558616588, 1.0360212766581618, 1.0471706375552876, 1.0585951888997183, 1.0703001559506542, 1.0822908363748764, 1.0945725974248761, 1.1071508727805781, 1.120031159034522, 1.1332190117997276, 1.1467200414188592, 1.1605399082527263, 1.174684317525631, 1.1891590137045869, 1.2039697743890192, 1.2191224036872019, 1.2346227250554274, 1.2504765735757195, 1.2666897876478396, 1.2832682000713731, 1.3002176284938702, 1.3175438652013298, 1.3352526662278041, 1.3533497397615604, 1.3718407338260838, 1.3907312232152718, 1.4100266956634524, 1.4297325372323917, 1.449854016899244, 1.4703962703314721, 1.4913642828371256, 1.5127628714815451, 1.5345966663645705, 1.5568700910556759, 1.5795873421881699, 1.6027523682176754, 1.626368847354569, 1.6504401646849087, 1.6749693884996282, 1.6999592458574222, 1.7254120974127918, 1.7513299115471515, 1.7777142378477269, 1.8045661799861583, 1.8318863680562651, 1.8596749304382969, 1.8879314652651513, 1.9166550115744603, 1.9458440202390683, 1.9754963247772148, 2.0056091121526181, 2.0361788936835747, 2.0672014761890587, 2.098671933508562, 2.1305845785409421, 2.1629329359557676, 2.1957097157384586, 2.2289067877377926, 2.2625151573909945, 2.2965249428074945, 2.3309253533974519, 2.3657046702351208, 2.4008502283500079, 2.4363484011403793, 2.4721845871039214, 2.5083431990791145, 2.5448076561880582, 2.5815603786669654, 2.6185827857642692, 2.6558552968781588, 2.6933573360953575, 2.7310673402810171, 2.7689627708557345, 2.8070201293798887, 2.8452149770478101, 2.8835219581747604, 2.921914827738425, 2.9603664830137144, 2.9988489993152685, 3.0373336698363351, 3.0757910495458503, 3.1141910030777886, 3.1525027565184427, 3.1906949529684803, 3.2287357117277051, 3.2665926909217169, 3.3042331533614173, 3.3416240353988851, 3.378732018516839, 3.4155236033640373, 3.4519651859258524, 3.488023135498183, 3.5236638741140989, 3.5588539570564257, 3.5935601540760773, 3.6277495309255241, 3.6613895308095268, 3.6944480553512586, 3.7268935446712894, 3.7586950561796377, 3.7898223416872066, 3.8202459224523646, 3.8499371617911118, 3.8788683348950626, 3.907012695520196, 3.9343445392307683, 3.9608392629067106, 3.9864734202489709, 4.0112247730453054, 4.0350723379886819, 4.0579964288713617, 4.0799786940095855, 4.1010021487862076, 4.1210512032312971, 4.1401116845933119, 4.1581708548856016, 4.1752174234244377, 4.1912415544051802, 4.2062348695923264, 4.2201904462267894, 4.2331028102796306, 4.2449679252054127, 4.2557831763702056, 4.2655473513489826, 4.2742606163045131, 4.2819244886749432, 4.2885418064099285, 4.2941166940055213, 4.298654525595996, 4.3021618853665098, 4.3046465255539736, 4.3061173223049112, 4.3065842296584362, 4.3060582319200051, 4.304551294687359, 4.3020763147842418, 4.2986470693502419, 4.2942781643265597, 4.2889849825678565, 4.282783631799747, 4.2756908926300774, 4.2677241668100878, 4.2589014259290039, 4.2492411607126783, 4.2387623310837803, 4.2274843171277583, 4.2154268710955876, 4.2026100705611613, 4.189054272838284, 4.1747800707495788, 4.159808249827357, 4.1441597470146467, 4.1278556109232145, 4.1109169636945753, 4.0933649644996786, 4.0752207747032898, 4.0565055247099524, 4.0372402824999627, 4.017446023855916, 3.9971436042731381, 3.9763537325407072, 3.9550969459737377, 3.9333935872721799, 3.9112637829765262, 3.8887274234865208, 3.8658041446051916, 3.8425133105672593, 3.8188739985081916, 3.7949049843278311, 3.7706247299006157, 3.7460513715828965, 3.7212027099667004, 3.6960962008284866, 3.6707489472209396, 3.6451776926556336, 3.6193988153244483, 3.5934283233078932, 3.5672818507189961, 3.5409746547320755, 3.5145216134465698, 3.4879372245370712, 3.4612356046418324, 3.4344304894432205, 3.4075352343949081, 3.3805628160519658, 3.3535258339614655, 3.3264365130726889, 3.2993067066275534, 3.2721478994934223, 3.2449712119020124, 3.2177874035596834, 3.1906068780959504, 3.1634396878186086, 3.1362955387453919, 3.1091837958835935, 3.0821134887305677, 3.0550933169694692, 3.0281316563360132, 3.0012365646334156, 2.9744157878740034, 2.9476767665272932, 2.9210266418555784, 2.8944722623192769, 2.8680201900354549, 2.8416767072740585, 2.8154478229774496, 2.7893392792898775, 2.7633565580844883, 2.7375048874764101, 2.7117892483113444, 2.6862143806199361, 2.6607847900290009, 2.635504754121448, 2.6103783287374585, 2.5854093542101637, 2.5606014615297048, 2.5359580784301698, 2.5114824353944711, 2.4871775715727655, 2.4630463406105196, 2.4390914163828041, 2.4153152986318349, 2.3917203185051972, 2.3683086439925782, 2.3450822852591853, 2.3220430998743713, 2.2991927979342974, 2.2765329470777469, 2.2540649773944814, 2.2317901862257692, 2.209709742856949, 2.1878246931021001, 2.1661359637810862, 2.1446443670894078, 2.1233506048614763, 2.1022552727280508, 2.0813588641687293, 2.0606617744604967, 2.0401643045234463, 2.0198666646648884, 1.9997689782231489, 1.9798712851124383, 1.9601735452702405, 1.9406756420087321, 1.9213773852717977, 1.9022785147992494, 1.8833787031999001, 1.8646775589351725, 1.8461746292149506, 1.827869402807405, 1.8097613127645384, 1.7918497390652093, 1.7741340111773978, 1.7566134105414877, 1.73928717297633, 1.7221544910098578, 1.7052145161360126, 1.6884663609997328, 1.6719091015117475, 1.6555417788949012, 1.6393634016637217, 1.6233729475389267, 1.6075693652985434, 1.591951576567298, 1.5765184775459073, 1.561268940681884, 1.5462018162834434, 1.5313159340780733, 1.516610104717304, 1.5020831212291901, 1.4877337604199896, 1.4735607842264957, 1.4595629410204536, 1.4457389668664653, 1.4320875867347564, 1.4186075156701539, 1.4052974599185921, 1.3921561180124422, 1.3791821818159262, 1.3663743375318527, 1.3537312666708838, 1.3412516469845157, 1.328934153362924, 1.3167774586988064, 1.3047802347183199, 1.2929411527801913, 1.2812588846440471, 1.2697321032089897, 1.2583594832234171, 1.2471397019670616, 1.2360714399061963, 1.2251533813229378, 1.214384214919547, 1.203762634398607, 1.1932873390199392, 1.1829570341350906, 1.172770431700207, 1.1627262507680882, 1.1528232179601936, 1.1430600679193545, 1.1334355437439254, 1.1239483974040878, 1.114597390141002, 1.1053812928494853, 1.0962988864448746, 1.0873489622147177, 1.0785303221559168, 1.0698417792979356, 1.0612821580126612, 1.0528502943115028, 1.0445450361302844, 1.0363652436024871, 1.0283097893213693, 1.0203775585914909, 1.0125674496701453, 1.0048783739991969, 0.99730925642780544, 0.98985903542650822, 0.98252666329311877, 0.97531110635089069, 0.96821134513938356, 0.96122637459845672, 0.95435520424580922, 0.94759685834847174, 0.94095037608864873, 0.93441481172429963, 0.92798923474483963, 0.92167273002233119, 0.91546439795853207, 0.90936335462815454, 0.90336873191868683, 0.89747967766711856, 0.89169535579390591, 0.88601494643450673, 0.88043764606880914, 0.87496266764877151, 0.86958924072458643, 0.8643166115696771, 0.85914404330482785, 0.8540708160217485, 0.8490962269063651, 0.84421959036212924, 0.83944023813363067, 0.83475751943079779, 0.83017080105396501, 0.82567946752008492, 0.82128292119035895, 0.81698058239955895, 0.81277188958731017, 0.80865629943160244, 0.80463328698479664, 0.80070234581239119, 0.79686298813481204, 0.79311474497248846, 0.78945716629447682, 0.78588982117089312, 0.78241229792941502, 0.77902420431611397, 0.77572516766087818, 0.77251483504768603, 0.76939287348999208, 0.76635897011148701, 0.76341283233249246, 0.7605541880622555, 0.75778278589740555, 0.75509839532683931, 0.75250080694330013, 0.74998983266191976, 0.74756530594599147, 0.7452270820402459, 0.74297503821190236, 0.74080907399976992, 0.73872911147167464, 0.73673509549049232, 0.73482699398906548, 0.73300479825428877, 0.73126852322064628, 0.72961820777348785, 0.72805391506233297, 0.72657573282449273, 0.72518377371930265, 0.72387817567326151, 0.72265910223637142, 0.72152674294997798, 0.72048131372641, 0.71952305724071897, 0.71865224333482158, 0.71786916943434642, 0.71717416097848974, 0.71656757186318298, 0.71604978489787607, 0.71562121227623965, 0.71528229606108751, 0.71503350868382076, 0.71487535345869146, 0.71480836511218149, 0.71483311032778973, 0.71495018830651469, 0.71516023134331719, 0.71546390541983895, 0.71586191081364903, 0.71635498272427944, 0.71694389191630448, 0.71762944537970574, 0.71841248700775506, 0.71929389829263257, 0.72027459903898361, 0.72135554809560021, 0.72253774410539651, 0.72382222627382364, 0.72521007515585056, 0.7267024134616098, 0.7283004068807799, 0.73000526492574735, 0.73181824179355559, 0.73374063724661487, 0.73577379751210448, 0.73791911619995809, 0.74017803523927461, 0.74255204583294632, 0.74504268943024099, 0.74765155871701516, 0.75038029862316902, 0.75323060734688674, 0.75620423739512665, 0.75930299663974787, 0.76252874938856896, 0.76588341747056332, 0.76936898133429066, 0.77298748115855953, 0.77674101797419526, 0.78063175479566582, 0.78466191776118177, 0.7888337972797459, 0.79314974918347336, 0.79761219588334231, 0.80222362752635823, 0.80698660315193393, 0.81190375184508712, 0.81697777388384873, 0.82221144187805539, 0.82760760189645899, 0.83316917457884054, 0.8388991562295478, 0.84480061988859789, 0.85087671637618845, 0.85713067530614984, 0.86356580606354094, 0.87018549874124274, 0.87699322503004173, 0.88399253905630859, 0.89118707816097686, 0.89858056361310334, 0.90617680125085209, 0.91397968204228019, 0.92199318255782436, 0.93022136534588384, 0.93866837920237522, 0.94733845932459093, 0.95623592733913487, 0.96536519119312458, 0.97473074489725331, 0.98433716810868666, 0.99418912554113592, 1.0042913661888004, 1.0146487223502083, 1.0252661084373114, 1.0361485195545026, 1.0473010298315339, 1.0587287904936151, 1.0704370276512754, 1.0824310397918733, 1.094716194953953, 1.107297927564965, 1.1201817349222085, 1.133373173296214, 1.1468778536351751, 1.1607014368484596, 1.1748496286467034, 1.1893281739155102, 1.2041428505993572, 1.2192994630719649, 1.2348038349691177, 1.250661801459751, 1.2668792009310483, 1.2834618660633423, 1.3004156142707928, 1.3177462374841362, 1.3354594912522926, 1.3535610831402716, 1.3720566604016764, 1.3909517969051663, 1.4102519792955288, 1.4299625923715442, 1.4500889036646201, 1.4706360472042457, 1.4916090064586871, 1.5130125964420225, 1.5348514449816295, 1.5571299731435926, 1.5798523748172106, 1.6030225954638715, 1.6266443100400232, 1.6507209001088328, 1.6752554301603719, 1.7002506231658225, 1.7257088353972403, 1.7516320305508608, 1.778021753218751, 1.8048791017608108, 1.8322047006366682, 1.8599986722648854, 1.8882606084850526, 1.9169895417067686, 1.9461839158381344, 1.9758415570951728, 2.0059596448024744, 2.0365346823042865, 2.0675624681141329, 2.0990380674398041, 2.1309557842290814, 2.1633091338897792, 2.1960908168454885, 2.2292926930956734, 2.2629057579554113, 2.2969201191559252, 2.331324975492056, 2.3661085972067908, 2.4012583083058257, 2.4367604709967283, 2.4726004724475001, 2.5087627140580757, 2.5452306034354519, 2.5819865492586054, 2.6190119592130565, 2.656287241166793, 2.6937918077492391, 2.7315040844829941, 2.7694015216041765, 2.8074606096913777, 2.8456568992055198, 2.8839650240233623, 2.9223587290261048, 2.9608109017816049, 2.9992936083343178, 3.0377781330913258, 3.0762350227659661, 3.1146341343128028, 3.1529446867592705, 3.1911353168105046, 3.2291741380749479, 3.2670288037296045, 3.3046665724155591, 3.3420543771269817, 3.3791588968305328, 3.4159466305272437, 3.4523839734458583, 3.4884372950355598, 3.5240730184072842, 3.5592577008566515, 3.5939581150881841, 3.6281413307501036, 3.6617747958817635, 3.6948264178718206, 3.7272646435246277, 3.7590585378351022, 3.790177861078484, 3.8205931438308625, 3.8502757595490884, 3.8791979943544934, 3.9073331136836043, 3.9346554254905088, 3.961140339709488, 3.9867644237126818, 4.0115054535256363, 4.0353424605932346, 4.0582557739194529, 4.0802270574362298, 4.1012393424891735, 4.1212770553605029, 4.140326039782205, 4.1583735744245285, 4.1754083853763726, 4.1914206536645233, 4.2064020178878092, 4.2203455720698413, 4.2332458588598376, 4.2450988582349707, 4.2559019718795126, 4.2656540034357198, 4.2743551348387658, 4.2820068989630551, 4.2886121488199329, 4.294175023557087, 4.2987009115179085, 4.3021964106247594, 4.3046692863535583, 4.3061284275684448, 4.306583800484665, 4.3060464010252684, 4.3045282058329848, 4.3020421221927965, 4.2986019371134452, 4.2942222658075879, 4.2889184998006309, 4.2827067548876769, 4.2756038191465935, 4.2676271012031615, 4.258794578931691, 4.2491247487615924, 4.2386365757472246, 4.2273494445451174, 4.2152831114294065, 4.2024576574631993, 4.188893442930687, 4.174611063122156, 4.1596313055518195, 4.1439751086765311, 4.1276635221720817, 4.110717668812951, 4.0931587079910985, 4.0750078008996864, 4.0562860773985339, 4.0370146045696327, 4.0172143569631933, 3.996906188527467, 3.9761108062089621, 3.9548487452036678, 3.9331403458344787, 3.911005732025159, 3.8884647913368928, 3.8655371565297032, 3.8422421886077589, 3.8185989613048039, 3.7946262469636181, 3.7703425037615079, 3.7457658642323124, 3.7209141250342666, 3.6958047379122574, 3.6704548018025185, 3.6448810560275891, 3.6190998745294265, 3.5931272610888305, 3.5669788454798397, 3.5406698805084353, 3.5142152398857278, 3.4876294168867923, 3.4609265237474314, 3.4341202917523557, 3.407224071969587, 3.3802508365872646, 3.3532131808104824, 3.3261233252772651, 3.2989931189543191, 3.2718340424747376, 3.2446572118813921, 3.2174733827413173, 3.1902929545979424, 3.1631259757295775, 3.1359821481840982, 3.1088708330612702, 3.0818010560156486, 3.0547815129544293, 3.0278205759060484, 3.0009262990367049, 2.974106424793316, 2.947368390152711, 2.9207193329581234, 2.8941660983252455, 2.8677152451012748, 2.8413730523614928, 2.815145525928993, 2.7890384049041916, 2.7630571681917386, 2.7372070410133809, 2.7114930013962106, 2.6859197866265871, 2.6604918996608169, 2.6352136154844379, 2.6100889874126803, 2.5851218533253491, 2.5603158418300245, 2.5356743783480775, 2.5112006911185745, 2.4868978171156715, 2.4627686078756184, 2.4388157352299498, 2.4150416969418926, 2.3914488222434316, 2.3680392772708552, 2.3448150703969732, 2.3217780574585238, 2.2989299468776059, 2.2762723046762554, 2.2538065593835563, 2.2315340068349241, 2.2094558148634205, 2.1875730278831802, 2.1658865713652111, 2.1443972562060147, 2.1231057829896312, 2.1020127461438594, 2.0811186379915405, 2.0604238526979128, 2.039928690115151, 2.0196333595253098, 1.9995379832829709, 1.9796426003589778, 1.9599471697867061, 1.9404515740123855, 1.9211556221510317, 1.9020590531496051, 1.8831615388590399, 1.8644626870168299, 1.8459620441418765, 1.8276590983433305, 1.8095532820451741, 1.7916439746283008, 1.7739305049918608, 1.7564121540356386, 1.7390881570652363, 1.7219577061218274, 1.7050199522382405, 1.6882740076231291, 1.6717189477749628, 1.6553538135275723, 1.6391776130289559, 1.6231893236550441, 1.6073878938600965, 1.5917722449653882, 1.5763412728878161, 1.5610938498100391, 1.5460288257937349, 1.5311450303375413, 1.5164412738812125, 1.5019163492575067, 1.4875690330932856, 1.4733980871612853, 1.4594022596839882, 1.4455802865909977, 1.4319308927312926, 1.4184527930417052, 1.4051446936729464, 1.3920052930744649, 1.3790332830394083, 1.3662273497109196, 1.3535861745509778, 1.3411084352729656, 1.3287928067391164, 1.3166379618239699, 1.3046425722449362, 1.2928053093610443, 1.2811248449409229, 1.2695998519010383, 1.2582290050151881, 1.247010981596224, 1.2359444621509548, 1.2250281310091542, 1.2142606769275779, 1.2036407936698692, 1.19316718056321, 1.1828385430325541, 1.172653593113256, 1.162611049942889, 1.1527096402330248, 1.1429480987217269, 1.1333251686074914, 1.1238396019653489, 1.1144901601458221, 1.1052756141574178, 1.0961947450333105, 1.0872463441828617, 1.0784292137285998, 1.0697421668292688])
